1111649.375000, 18460.390625, 452773.781250, 0, 200
1111747.250000, 18503.085938, 452895.312500, 0, 157
1111865.375000, 18491.599609, 453034.125000, 0, 151
1111989.500000, 18479.484375, 453166.656250, 0, 157
1112144.375000, 18475.353516, 453305.031250, 0, 176
1112281.500000, 18470.587891, 453424.906250, 0, 154
1112419.750000, 18466.263672, 453543.500000, 0, 156
1112558.000000, 18465.156250, 453662.125000, 0, 155
1112716.875000, 18468.960938, 453747.656250, 0, 155
1112852.375000, 18470.474609, 453868.937500, 0, 153
1112984.125000, 18474.419922, 453994.281250, 0, 156
1113169.750000, 18491.869141, 454041.062500, 0, 169
1113374.750000, 18510.292969, 454051.406250, 0, 168
1113580.000000, 18527.216797, 454060.250000, 0, 172
1113785.000000, 18544.742188, 454065.437500, 0, 177
1113986.875000, 18560.765625, 454064.687500, 0, 168
1114192.125000, 18577.957031, 454056.625000, 0, 177
1114397.250000, 18594.236328, 454045.250000, 0, 175
1114579.125000, 18593.828125, 454035.875000, 0, 155
1114761.000000, 18589.931641, 454027.000000, 0, 154
1114955.625000, 18601.099609, 454023.968750, 0, 168
1115159.750000, 18622.843750, 454034.093750, 0, 177
1115308.375000, 18632.609375, 454153.062500, 0, 166
1115323.250000, 18630.091797, 454334.531250, 0, 154
1115334.125000, 18631.550781, 454516.218750, 0, 157
1115330.375000, 18644.425781, 454717.906250, 0, 177
1115297.250000, 18656.072266, 454920.906250, 0, 177
1115259.750000, 18646.958984, 455099.031250, 0, 157
1115221.875000, 18637.857422, 455277.000000, 0, 157
1115183.750000, 18638.507813, 455454.937500, 0, 156
1115144.125000, 18645.578125, 455639.343750, 0, 163
1115102.750000, 18665.552734, 455839.906250, 0, 175
1115065.000000, 18685.767578, 456041.218750, 0, 177
1115029.250000, 18715.105469, 456241.250000, 0, 176
1114998.250000, 18750.449219, 456423.875000, 0, 162
1114967.375000, 18776.908203, 456624.750000, 0, 176
1114941.750000, 18809.767578, 456824.906250, 0, 175
1114918.500000, 18831.707031, 457023.812500, 0, 173
1114894.500000, 18845.332031, 457228.031250, 0, 177
1114873.875000, 18862.683594, 457425.187500, 0, 173
1114819.250000, 18885.117188, 457612.156250, 0, 166
1114677.000000, 18909.072266, 457758.531250, 0, 173
1114544.375000, 18917.802734, 457896.812500, 0, 163
1114418.500000, 18917.396484, 458028.218750, 0, 156
1114292.750000, 18919.082031, 458159.750000, 0, 157
1114166.125000, 18923.525391, 458292.031250, 0, 156
1114038.750000, 18932.224609, 458424.843750, 0, 159
1113907.875000, 18967.503906, 458561.187500, 0, 163
1113775.750000, 18997.767578, 458699.906250, 0, 166
1113643.250000, 19037.294922, 458838.562500, 0, 167
1113516.500000, 19094.095703, 458969.093750, 0, 163
1113386.125000, 19106.423828, 459100.781250, 0, 156
1113253.875000, 19137.175781, 459225.781250, 0, 160
1113108.750000, 19184.410156, 459335.312500, 0, 159
1112959.875000, 19233.837891, 459439.843750, 0, 152
1112787.375000, 19280.388672, 459528.843750, 0, 170
1112590.375000, 19304.330078, 459476.468750, 0, 176
1112392.500000, 19328.115234, 459424.281250, 0, 175
1112199.875000, 19364.964844, 459369.000000, 0, 169
1112004.875000, 19395.554688, 459314.437500, 0, 174
1111811.000000, 19429.365234, 459258.062500, 0, 175
1111618.250000, 19462.779297, 459199.281250, 0, 174
1111441.750000, 19501.001953, 459143.937500, 0, 157
1111269.000000, 19538.658203, 459086.656250, 0, 156
1111085.625000, 19567.546875, 459022.406250, 0, 171
1110894.875000, 19593.677734, 458950.093750, 0, 174
1110706.750000, 19622.994141, 458874.625000, 0, 172
1110519.375000, 19654.888672, 458795.156250, 0, 177
1110346.875000, 19692.447266, 458724.406250, 0, 160
1110160.750000, 19725.855469, 458646.781250, 0, 172
1110000.000000, 19762.021484, 458521.343750, 0, 175
1109818.500000, 19783.566406, 458438.812500, 0, 169
1109618.625000, 19800.890625, 458392.375000, 0, 170
1109438.250000, 19807.871094, 458350.843750, 0, 154
1109261.125000, 19815.017578, 458310.000000, 0, 153
1109084.125000, 19818.880859, 458268.375000, 0, 153
1108901.250000, 19827.964844, 458222.375000, 0, 162
1108725.500000, 19829.722656, 458176.312500, 0, 153
1108549.375000, 19820.839844, 458130.218750, 0, 156
1108370.375000, 19822.443359, 458082.906250, 0, 156
1108172.750000, 19846.216797, 458029.062500, 0, 177
1107976.250000, 19870.023438, 457978.500000, 0, 171
1107800.000000, 19869.470703, 457932.875000, 0, 151
1107624.250000, 19869.476563, 457884.562500, 0, 152
1107431.250000, 19883.246094, 457825.343750, 0, 171
1107236.375000, 19905.912109, 457764.125000, 0, 172
1107056.625000, 19912.447266, 457708.312500, 0, 155
1106880.625000, 19914.714844, 457661.312500, 0, 154
1106703.750000, 19919.031250, 457620.468750, 0, 153
1106526.125000, 19922.660156, 457580.281250, 0, 154
1106341.750000, 19932.568359, 457540.375000, 0, 160
1106184.375000, 19938.470703, 457516.250000, 0, 160
1106184.375000, 19888.470703, 457516.250000, 0, 200
1106048.875000, 19925.904297, 457593.687500, 0, 157
1105867.625000, 19920.392578, 457695.750000, 0, 175
1105707.000000, 19909.855469, 457781.500000, 0, 152
1105543.500000, 19883.787109, 457861.625000, 0, 151
1105355.000000, 19870.158203, 457949.843750, 0, 176
1105190.375000, 19861.812500, 458027.500000, 0, 154
1105026.250000, 19828.568359, 458106.093750, 0, 158
1104862.250000, 19811.427734, 458184.718750, 0, 155
1104698.000000, 19798.871094, 458263.781250, 0, 157
1104628.000000, 19738.576172, 458297.937500, 0, 200
1104546.000000, 19775.546875, 458361.906250, 0, 155
1104383.500000, 19754.753906, 458491.906250, 0, 175
1104257.000000, 19755.558594, 458619.625000, 0, 154
1104171.750000, 19751.322266, 458809.312500, 0, 173
1104102.125000, 19742.146484, 458977.062500, 0, 152
1104032.250000, 19723.070313, 459145.156250, 0, 156
1103962.000000, 19720.156250, 459313.031250, 0, 154
1103891.625000, 19725.365234, 459480.562500, 0, 152
1103822.500000, 19727.144531, 459648.812500, 0, 153
1103755.000000, 19722.291016, 459817.906250, 0, 156
1103652.125000, 19722.291016, 460079.750000, 0, 282
1103652.125000, 19672.291016, 460079.750000, 0, 200
1103496.250000, 19707.757813, 460080.656250, 0, 157
1103315.375000, 19688.271484, 460062.500000, 0, 152
1103187.875000, 19670.218750, 459972.500000, 0, 158
1103024.375000, 19645.048828, 459843.906250, 0, 175
1102913.000000, 19611.554688, 459734.625000, 0, 160
1102764.625000, 19555.462891, 459588.437500, 0, 178
1102618.625000, 19536.660156, 459440.625000, 0, 175
1102494.625000, 19531.859375, 459306.093750, 0, 156
1102392.375000, 19534.531250, 459152.500000, 0, 152
1102334.375000, 19498.259766, 459088.437500, 0, 200
1102330.625000, 19560.726563, 458971.593750, 0, 165
1102325.000000, 19577.158203, 458770.218750, 0, 167
1102320.375000, 19576.875000, 458588.343750, 0, 151
1102319.000000, 19579.708984, 458380.406250, 0, 176
1102320.125000, 19594.998047, 458189.062500, 0, 166
1102322.875000, 19628.289063, 457987.500000, 0, 170
1102339.625000, 19666.287109, 457787.875000, 0, 174
1102353.375000, 19708.929688, 457601.031250, 0, 162
1102370.125000, 19736.548828, 457410.843750, 0, 165
1102378.625000, 19728.582031, 457228.843750, 0, 154
1102376.000000, 19776.857422, 457041.312500, 0, 165
1102368.125000, 19806.796875, 456856.187500, 0, 161
1102357.750000, 19829.816406, 456658.062500, 0, 169
1102348.500000, 19849.835938, 456469.593750, 0, 160
1102344.375000, 19852.251953, 456275.875000, 0, 164
1102331.625000, 19861.064453, 456094.625000, 0, 153
1102316.250000, 19874.806641, 455903.968750, 0, 166
1102304.500000, 19828.812500, 455748.593750, 0, 200
1102302.500000, 19879.488281, 455722.312500, 0, 154
1102285.250000, 19886.794922, 455515.468750, 0, 174
1102265.500000, 19893.888672, 455334.750000, 0, 153
1102240.875000, 19891.619141, 455154.843750, 0, 154
1102214.000000, 19893.177734, 454974.718750, 0, 155
1102185.500000, 19893.177734, 454794.937500, 0, 157
1102156.875000, 19893.177734, 454615.250000, 0, 156
1102128.250000, 19893.177734, 454435.406250, 0, 155
1102100.250000, 19893.177734, 454255.468750, 0, 154
1102070.750000, 19893.177734, 454066.062500, 0, 166
1102040.375000, 19893.177734, 453870.218750, 0, 171
1102012.625000, 19910.904297, 453690.343750, 0, 157
1101981.000000, 19918.734375, 453510.843750, 0, 155
1101942.000000, 19959.033203, 453315.125000, 0, 171
1101893.000000, 19990.474609, 453119.531250, 0, 168
1101835.250000, 20014.177734, 452923.718750, 0, 165
1101780.750000, 20041.652344, 452731.000000, 0, 173
1101780.750000, 19991.652344, 452731.000000, 0, 200
1101899.375000, 20033.013672, 452629.156250, 0, 157
1102057.000000, 20028.640625, 452494.093750, 0, 173
1102209.125000, 20062.574219, 452365.031250, 0, 167
1102358.375000, 20095.671875, 452238.125000, 0, 173
1102499.750000, 20132.382813, 452114.062500, 0, 158
1102638.625000, 20148.410156, 451977.250000, 0, 169
1102774.875000, 20167.289063, 451834.093750, 0, 167
1102910.375000, 20176.539063, 451674.406250, 0, 164
1103026.125000, 20180.863281, 451516.937500, 0, 169
1103085.250000, 20135.058594, 451452.156250, 0, 200
1103130.625000, 20196.634766, 451344.093750, 0, 153
1103212.750000, 20216.794922, 451156.406250, 0, 170
1103297.000000, 20239.587891, 450970.593750, 0, 172
1103384.000000, 20222.302734, 450803.500000, 0, 161
1103473.125000, 20215.126953, 450644.875000, 0, 153
1103563.125000, 20253.214844, 450486.656250, 0, 156
1103658.625000, 20290.796875, 450322.375000, 0, 166
1103759.875000, 20328.025391, 450149.500000, 0, 175
1103856.500000, 20356.513672, 449976.468750, 0, 168
1103935.000000, 20343.781250, 449812.343750, 0, 156
1103999.625000, 20328.310547, 449642.093750, 0, 156
1104061.750000, 20340.484375, 449453.625000, 0, 173
1104120.375000, 20360.404297, 449257.312500, 0, 173
1104167.000000, 20392.724609, 449060.656250, 0, 170
1104207.500000, 20411.304688, 448875.187500, 0, 156
1104214.000000, 20362.628906, 448845.593750, 0, 200
1104186.875000, 20408.410156, 448688.687500, 0, 160
1104151.125000, 20403.753906, 448483.781250, 0, 173
1104120.000000, 20430.494141, 448304.531250, 0, 152
1104087.750000, 20467.716797, 448116.062500, 0, 164
1104056.375000, 20517.734375, 447929.875000, 0, 161
1104022.875000, 20531.966797, 447726.906250, 0, 172
1103990.500000, 20560.386719, 447534.031250, 0, 164
1103957.625000, 20612.548828, 447341.656250, 0, 168
1103938.000000, 20594.871094, 447222.406250, 0, 200
1103968.625000, 20649.138672, 447150.687500, 0, 162
1104052.875000, 20664.343750, 446961.468750, 0, 169
1104093.125000, 20649.343750, 446773.250000, 0, 159
1104157.875000, 20650.833984, 446575.625000, 0, 172
1104214.875000, 20623.953125, 446375.500000, 0, 175
1104269.000000, 20610.992188, 446191.468750, 0, 158
1104335.500000, 20632.369141, 445997.937500, 0, 166
1104425.375000, 20670.271484, 445789.312500, 0, 166
1104520.250000, 20703.644531, 445611.218750, 0, 168
1104623.500000, 20737.847656, 445438.125000, 0, 167
1104733.625000, 20772.228516, 445269.468750, 0, 167
1104843.000000, 20782.326172, 445114.000000, 0, 155
1104876.000000, 20730.255859, 445067.468750, 0, 200
1104949.375000, 20774.306641, 444953.375000, 0, 158
1105068.250000, 20794.562500, 444785.437500, 0, 165
1105179.750000, 20798.083984, 444627.343750, 0, 154
1105309.500000, 20788.302734, 444465.031250, 0, 173
1105431.875000, 20825.417969, 444315.781250, 0, 157
1105559.375000, 20862.677734, 444167.281250, 0, 163
1105689.375000, 20896.619141, 444026.718750, 0, 158
1105818.500000, 20944.851563, 443879.750000, 0, 164
1105941.250000, 21004.878906, 443734.718750, 0, 158
1106071.250000, 21056.507813, 443598.593750, 0, 159
1106204.750000, 21078.869141, 443444.531250, 0, 166
1106334.625000, 21114.060547, 443290.781250, 0, 168
1106462.875000, 21133.458984, 443142.718750, 0, 159
1106485.500000, 21083.603516, 443117.625000, 0, 200
1106544.125000, 21123.095703, 442972.937500, 0, 157
1106621.625000, 21144.369141, 442779.968750, 0, 173
1106689.125000, 21131.742188, 442603.843750, 0, 160
1106749.875000, 21096.439453, 442432.312500, 0, 154
1106799.000000, 21123.623047, 442257.093750, 0, 153
1106836.875000, 21199.292969, 442079.156250, 0, 163
1106880.000000, 21236.509766, 441884.718750, 0, 168
1106918.750000, 21276.281250, 441701.625000, 0, 157
1106958.750000, 21292.978516, 441497.125000, 0, 176
1106992.250000, 21294.919922, 441311.562500, 0, 155
1107023.875000, 21311.255859, 441108.531250, 0, 167
1107048.625000, 21332.058594, 440921.687500, 0, 152
1107065.375000, 21307.134766, 440766.218750, 0, 200
1107020.750000, 21359.082031, 440739.593750, 0, 157
1106861.875000, 21358.587891, 440645.562500, 0, 152
1106705.250000, 21346.914063, 440552.687500, 0, 151
1106544.875000, 21334.142578, 440460.656250, 0, 152
1106368.750000, 21357.488281, 440366.937500, 0, 170
1106183.500000, 21344.158203, 440272.562500, 0, 176
1105995.375000, 21352.773438, 440183.843750, 0, 174
1105824.625000, 21391.597656, 440114.218750, 0, 156
1105792.250000, 21348.804688, 440101.562500, 0, 200
1105637.125000, 21382.310547, 440118.750000, 0, 157
1105429.875000, 21352.500000, 440137.562500, 0, 174
1105219.750000, 21349.195313, 440153.187500, 0, 178
1105038.375000, 21324.824219, 440169.250000, 0, 152
1104854.000000, 21318.804688, 440188.781250, 0, 154
1104673.375000, 21309.371094, 440210.562500, 0, 152
1104673.375000, 21259.371094, 440210.562500, 0, 200
1104518.375000, 21289.896484, 440229.093750, 0, 158
1104310.625000, 21276.732422, 440253.656250, 0, 174
1104105.125000, 21243.408203, 440277.750000, 0, 176
1103924.250000, 21204.162109, 440298.937500, 0, 154
1103743.500000, 21155.199219, 440320.125000, 0, 157
1103562.750000, 21106.189453, 440341.750000, 0, 156
1103381.875000, 21030.400391, 440363.687500, 0, 163
1103292.750000, 20941.644531, 440374.562500, 0, 200
1103208.000000, 20963.632813, 440434.812500, 0, 164
1103060.125000, 20914.617188, 440541.062500, 0, 151
1102916.375000, 20865.621094, 440652.687500, 0, 156
1102781.750000, 20816.597656, 440775.062500, 0, 158
1102652.500000, 20767.603516, 440897.468750, 0, 153
1102535.500000, 20726.982422, 441037.000000, 0, 154
1102482.625000, 20670.277344, 441101.125000, 0, 200
1102585.750000, 20729.726563, 441198.093750, 0, 153
1102509.125000, 20712.000000, 441394.093750, 0, 173
1102418.875000, 20698.683594, 441581.531250, 0, 176
1102329.750000, 20704.152344, 441773.156250, 0, 174
1102244.875000, 20687.800781, 441967.187500, 0, 177
1102175.375000, 20638.982422, 442134.625000, 0, 157
1102131.000000, 20637.238281, 442310.500000, 0, 151
1102097.625000, 20639.162109, 442515.562500, 0, 169
1102066.750000, 20647.216797, 442721.000000, 0, 174
1102039.000000, 20654.423828, 442907.437500, 0, 158
1102007.500000, 20653.001953, 443113.031250, 0, 176
1101987.250000, 20602.626953, 443241.468750, 0, 200
1102044.875000, 20650.869141, 443294.031250, 0, 155
1102199.000000, 20644.841797, 443434.000000, 0, 171
1102333.750000, 20639.574219, 443556.093750, 0, 151
1102490.125000, 20621.748047, 443693.156250, 0, 175
1102649.625000, 20596.138672, 443826.750000, 0, 176
1102809.750000, 20570.888672, 443959.531250, 0, 176
1102967.625000, 20556.177734, 444095.250000, 0, 176
1103120.250000, 20539.023438, 444236.468750, 0, 175
1103249.875000, 20525.074219, 444364.156250, 0, 153
1103358.250000, 20531.277344, 444519.781250, 0, 158
1103415.625000, 20489.017578, 444643.687500, 0, 200
1103291.875000, 20531.414063, 444684.000000, 0, 153
1103111.500000, 20528.875000, 444738.718750, 0, 152
1102937.125000, 20517.521484, 444790.812500, 0, 154
1102763.000000, 20512.906250, 444843.656250, 0, 151
1102586.375000, 20522.769531, 444899.281250, 0, 152
1102388.875000, 20524.250000, 444963.781250, 0, 176
1102281.500000, 20530.947266, 445115.437500, 0, 160
1102089.875000, 20539.777344, 445194.687500, 0, 173
1101981.375000, 20494.943359, 445229.750000, 0, 200
1101879.125000, 20550.037109, 445212.500000, 0, 175
1101673.125000, 20559.753906, 445185.875000, 0, 173
1101478.625000, 20575.150391, 445171.593750, 0, 161
1101270.125000, 20597.292969, 445162.875000, 0, 174
1101077.125000, 20617.566406, 445163.687500, 0, 157
1100892.375000, 20626.888672, 445173.718750, 0, 154
1100682.375000, 20634.517578, 445194.437500, 0, 175
1100528.125000, 20634.287109, 445218.312500, 0, 157
1100469.500000, 20584.853516, 445228.625000, 0, 200
1100362.250000, 20626.556641, 445342.125000, 0, 173
1100221.250000, 20618.515625, 445494.875000, 0, 170
1100081.875000, 20610.744141, 445649.406250, 0, 174
1099956.875000, 20602.542969, 445815.281250, 0, 173
1099868.625000, 20595.183594, 445974.468750, 0, 151
1099772.500000, 20592.472656, 446158.875000, 0, 176
1099672.500000, 20599.564453, 446340.968750, 0, 172
1099592.000000, 20555.216797, 446474.375000, 0, 200
1099492.000000, 20621.373047, 446414.843750, 0, 169
1099316.750000, 20646.173828, 446310.750000, 0, 168
1099140.250000, 20671.619141, 446208.843750, 0, 177
1098961.875000, 20698.810547, 446111.125000, 0, 171
1098782.250000, 20723.443359, 446014.593750, 0, 173
1098684.375000, 20680.595703, 445962.656250, 0, 200
1098611.875000, 20723.267578, 446070.406250, 0, 157
1098510.000000, 20715.656250, 446221.343750, 0, 152
1098406.500000, 20712.810547, 446370.906250, 0, 153
1098288.125000, 20731.394531, 446533.593750, 0, 170
1098170.750000, 20737.742188, 446688.968750, 0, 160
1098056.875000, 20732.210938, 446835.218750, 0, 154
1098020.375000, 20692.386719, 446880.312500, 0, 200
1097878.750000, 20760.857422, 446917.437500, 0, 169
1097686.500000, 20777.884766, 446961.125000, 0, 155
1097499.750000, 20793.476563, 447000.062500, 0, 158
1097300.125000, 20813.478516, 447044.093750, 0, 168
1097104.625000, 20833.298828, 447105.375000, 0, 168
1096917.875000, 20849.179688, 447181.531250, 0, 164
1096730.625000, 20872.214844, 447263.187500, 0, 168
1096550.625000, 20901.025391, 447357.218750, 0, 169
1096378.000000, 20926.734375, 447457.656250, 0, 170
1096314.500000, 20881.330078, 447494.593750, 0, 200
1096194.375000, 20930.875000, 447394.812500, 0, 174
1096035.875000, 20929.101563, 447260.062500, 0, 157
1095877.500000, 20930.912109, 447125.000000, 0, 174
1095719.625000, 20936.423828, 446989.750000, 0, 176
1095558.000000, 20949.857422, 446850.062500, 0, 180
1095414.000000, 20991.597656, 446725.156250, 0, 156
1095276.875000, 21077.615234, 446605.468750, 0, 167
1095126.500000, 21115.488281, 446479.250000, 0, 164
1094986.875000, 21171.113281, 446361.968750, 0, 156
1094836.000000, 21206.416016, 446238.718750, 0, 159
1094693.125000, 21250.503906, 446118.062500, 0, 151
1094539.250000, 21273.642578, 445990.000000, 0, 161
1094380.125000, 21303.140625, 445858.937500, 0, 172
1094214.375000, 21323.910156, 445723.968750, 0, 175
1094079.000000, 21341.060547, 445612.562500, 0, 177
1094079.000000, 21291.060547, 445612.562500, 0, 200
1094010.750000, 21350.027344, 445469.437500, 0, 159
1093930.125000, 21363.431641, 445246.718750, 0, 174
1093866.250000, 21385.455078, 445056.312500, 0, 162
1093801.625000, 21410.082031, 444863.031250, 0, 175
1093737.000000, 21435.500000, 444669.875000, 0, 170
1093672.500000, 21461.257813, 444476.812500, 0, 168
1093613.750000, 21493.468750, 444294.375000, 0, 156
1093554.125000, 21541.474609, 444094.937500, 0, 177
1093513.000000, 21579.984375, 443909.531250, 0, 158
1093503.375000, 21612.873047, 443708.312500, 0, 170
1093517.625000, 21644.250000, 443506.437500, 0, 170
1093535.000000, 21673.093750, 443304.406250, 0, 172
1093551.375000, 21685.849609, 443110.500000, 0, 162
1093568.250000, 21707.718750, 442903.468750, 0, 177
1093575.750000, 21768.531250, 442722.125000, 0, 156
1093577.500000, 21726.382813, 442692.125000, 0, 200
1093427.875000, 21773.232422, 442638.218750, 0, 160
1093230.250000, 21749.029297, 442563.906250, 0, 166
1093068.250000, 21793.089844, 442474.156250, 0, 157
1092920.250000, 21844.658203, 442368.218750, 0, 159
1092773.750000, 21912.466797, 442260.343750, 0, 162
1092622.750000, 21948.638672, 442147.468750, 0, 161
1092477.500000, 21997.871094, 442037.593750, 0, 157
1092333.000000, 22041.712891, 441927.000000, 0, 155
1092189.500000, 22092.757813, 441814.843750, 0, 158
1092038.000000, 22131.634766, 441692.718750, 0, 168
1091899.250000, 22172.570313, 441574.625000, 0, 155
1091762.500000, 22210.117188, 441454.406250, 0, 154
1091628.250000, 22247.421875, 441331.875000, 0, 158
1091496.125000, 22288.160156, 441206.750000, 0, 154
1091364.375000, 22325.496094, 441080.906250, 0, 154
1091232.750000, 22363.552734, 440955.281250, 0, 156
1091089.875000, 22391.554688, 440818.687500, 0, 169
1090942.875000, 22414.296875, 440677.687500, 0, 172
1090795.250000, 22436.882813, 440536.187500, 0, 173
1090647.375000, 22459.021484, 440396.781250, 0, 171
1090496.125000, 22481.289063, 440258.062500, 0, 173
1090496.125000, 22431.289063, 440258.062500, 0, 200
1090325.625000, 22494.708984, 440283.500000, 0, 173
1090123.250000, 22515.640625, 440313.187500, 0, 169
1089928.875000, 22543.505859, 440328.125000, 0, 165
1089726.750000, 22574.144531, 440319.718750, 0, 175
1089531.000000, 22608.335938, 440301.843750, 0, 170
1089336.250000, 22644.609375, 440283.531250, 0, 173
1089141.750000, 22681.574219, 440263.906250, 0, 168
1088960.875000, 22718.300781, 440242.031250, 0, 159
1088780.250000, 22755.509766, 440220.125000, 0, 160
1088599.750000, 22796.056641, 440198.093750, 0, 159
1088419.000000, 22833.226563, 440176.187500, 0, 160
1088238.375000, 22878.658203, 440154.250000, 0, 161
1088039.500000, 22918.314453, 440130.718750, 0, 173
1087853.875000, 22963.728516, 440108.343750, 0, 163
1087673.375000, 23011.097656, 440086.625000, 0, 158
1087492.500000, 23063.613281, 440066.656250, 0, 160
1087311.125000, 23115.867188, 440049.156250, 0, 163
1087130.125000, 23178.343750, 440030.625000, 0, 164
1086949.375000, 23237.525391, 440010.843750, 0, 164
1086768.750000, 23292.912109, 439987.781250, 0, 163
1086588.125000, 23356.861328, 439963.875000, 0, 165
1086407.875000, 23420.531250, 439939.593750, 0, 164
1086227.375000, 23480.527344, 439915.687500, 0, 163
1086046.875000, 23540.935547, 439891.843750, 0, 163
1085866.250000, 23588.673828, 439869.812500, 0, 158
1085685.375000, 23639.777344, 439850.781250, 0, 162
1085492.125000, 23679.113281, 439832.812500, 0, 168
1085289.500000, 23707.183594, 439815.687500, 0, 176
1085095.750000, 23724.789063, 439801.312500, 0, 166
1084910.875000, 23726.419922, 439789.843750, 0, 156
1084728.750000, 23719.779297, 439779.156250, 0, 156
1084547.375000, 23716.056641, 439767.562500, 0, 156
1084365.875000, 23723.197266, 439754.062500, 0, 157
1084181.625000, 23734.414063, 439739.343750, 0, 160
1083993.625000, 23745.910156, 439725.875000, 0, 163
1083788.625000, 23763.500000, 439712.937500, 0, 177
1083583.500000, 23779.609375, 439700.968750, 0, 177
1083378.625000, 23799.332031, 439689.593750, 0, 177
1083176.875000, 23821.126953, 439680.906250, 0, 174
1082995.250000, 23859.027344, 439675.687500, 0, 160
1082813.250000, 23897.050781, 439685.687500, 0, 160
1082615.500000, 23930.373047, 439707.625000, 0, 176
1082529.625000, 23894.763672, 439718.468750, 0, 200
1082415.375000, 23958.935547, 439738.968750, 0, 175
1082230.375000, 23970.037109, 439772.375000, 0, 154
1082051.500000, 23972.458984, 439804.187500, 0, 156
1081872.125000, 23970.892578, 439835.593750, 0, 156
1081692.875000, 23961.593750, 439865.906250, 0, 156
1081513.125000, 23954.722656, 439895.500000, 0, 157
1081333.250000, 23952.787109, 439923.500000, 0, 155
1081153.500000, 23950.359375, 439950.781250, 0, 156
1080954.500000, 23983.925781, 439980.312500, 0, 175
1080757.875000, 24011.703125, 440009.187500, 0, 172
1080574.375000, 24020.675781, 440034.218750, 0, 156
1080387.250000, 24030.208984, 440055.125000, 0, 163
1080205.875000, 24025.541016, 440072.156250, 0, 157
1080024.875000, 24020.046875, 440086.375000, 0, 156
1079843.000000, 23999.431641, 440097.406250, 0, 157
1079661.125000, 23975.751953, 440101.218750, 0, 158
1079479.000000, 23936.544922, 440100.531250, 0, 161
1079297.000000, 23887.558594, 440098.625000, 0, 162
1079115.000000, 23838.681641, 440094.437500, 0, 162
1078964.125000, 23797.378906, 440013.375000, 0, 153
1078807.000000, 23785.333984, 439921.093750, 0, 154
1078649.750000, 23736.384766, 439829.843750, 0, 162
1078491.750000, 23708.664063, 439739.656250, 0, 158
1078332.125000, 23689.519531, 439652.093750, 0, 157
1078263.000000, 23634.271484, 439615.718750, 0, 200
1078440.500000, 23701.003906, 439711.312500, 0, 151
1078619.875000, 23728.365234, 439806.593750, 0, 157
1078791.750000, 23767.238281, 439900.531250, 0, 170
1078955.250000, 23791.435547, 439992.468750, 0, 161
1079111.375000, 23837.419922, 440091.312500, 0, 158
1079260.875000, 23887.500000, 440195.406250, 0, 159
1079409.500000, 23942.089844, 440300.625000, 0, 161
1079556.875000, 23996.173828, 440407.031250, 0, 159
1079702.625000, 24035.285156, 440516.156250, 0, 158
1079851.250000, 24071.654297, 440630.406250, 0, 163
1080009.875000, 24105.847656, 440753.968750, 0, 172
1080167.000000, 24136.419922, 440881.968750, 0, 174
1080262.125000, 24171.822266, 441031.406250, 0, 154
1080221.000000, 24223.703125, 441246.375000, 0, 173
1080187.125000, 24295.072266, 441425.062500, 0, 165
1080153.500000, 24375.511719, 441603.843750, 0, 168
1080119.500000, 24456.839844, 441782.656250, 0, 168
1080087.625000, 24536.589844, 441961.812500, 0, 169
1080056.875000, 24615.642578, 442141.218750, 0, 170
1080025.625000, 24690.566406, 442320.593750, 0, 167
1079994.000000, 24772.582031, 442499.750000, 0, 170
1079964.875000, 24857.466797, 442679.312500, 0, 169
1079930.625000, 24946.080078, 442858.000000, 0, 173
1079895.375000, 25029.585938, 443036.656250, 0, 171
1079858.000000, 25099.623047, 443215.031250, 0, 165
1079812.250000, 25135.986328, 443410.875000, 0, 176
1079768.500000, 25191.207031, 443587.687500, 0, 163
1079723.500000, 25228.310547, 443767.031250, 0, 161
1079674.375000, 25260.994141, 443962.687500, 0, 173
1079625.500000, 25317.490234, 444140.812500, 0, 163
1079566.750000, 25377.041016, 444313.218750, 0, 163
1079503.750000, 25434.919922, 444484.093750, 0, 163
1079457.750000, 25430.257813, 444606.968750, 0, 200
1079430.375000, 25495.064453, 444651.031250, 0, 165
1079331.875000, 25537.601563, 444804.156250, 0, 151
1079228.750000, 25581.474609, 444954.312500, 0, 161
1079118.125000, 25629.466797, 445098.687500, 0, 162
1078989.625000, 25676.042969, 445238.218750, 0, 169
1078862.000000, 25726.281250, 445368.156250, 0, 161
1078734.125000, 25780.236328, 445497.656250, 0, 162
1078606.000000, 25828.720703, 445627.343750, 0, 162
1078477.500000, 25880.632813, 445755.968750, 0, 161
1078348.000000, 25949.890625, 445884.031250, 0, 169
1078215.375000, 26015.060547, 446008.312500, 0, 163
1078097.125000, 26104.697266, 446110.156250, 0, 151
1077959.750000, 26176.687500, 446229.968750, 0, 169
1077810.500000, 26224.396484, 446349.812500, 0, 161
1077656.750000, 26260.339844, 446464.750000, 0, 166
1077500.500000, 26327.197266, 446568.125000, 0, 171
1077348.125000, 26406.142578, 446667.531250, 0, 168
1077217.500000, 26417.583984, 446752.937500, 0, 200
1077193.125000, 26481.021484, 446763.093750, 0, 167
1076999.125000, 26577.990234, 446837.312500, 0, 174
1076825.250000, 26653.964844, 446892.187500, 0, 167
1076649.875000, 26726.748047, 446940.000000, 0, 160
1076472.875000, 26788.955078, 446982.562500, 0, 162
1076281.000000, 26822.173828, 447015.625000, 0, 169
1076078.625000, 26847.701172, 447041.218750, 0, 176
1075875.250000, 26871.718750, 447060.406250, 0, 175
1075690.750000, 26876.705078, 447073.593750, 0, 155
1075500.125000, 26893.767578, 447083.843750, 0, 166
1075298.375000, 26927.130859, 447091.843750, 0, 174
1075097.500000, 26950.380859, 447096.187500, 0, 172
1074896.125000, 26977.402344, 447093.312500, 0, 171
1074702.875000, 26998.806641, 447084.281250, 0, 166
1074499.750000, 27025.054688, 447067.812500, 0, 176
1074302.750000, 27066.802734, 447053.312500, 0, 173
1074103.625000, 27085.843750, 447036.875000, 0, 175
1073901.000000, 27113.220703, 447020.062500, 0, 176
1073697.250000, 27137.185547, 447004.250000, 0, 177
1073493.500000, 27161.136719, 446989.437500, 0, 176
1073289.500000, 27182.914063, 446978.812500, 0, 171
1073086.875000, 27211.908203, 446971.812500, 0, 171
1072884.500000, 27243.136719, 446965.000000, 0, 174
1072680.125000, 27265.619141, 446957.656250, 0, 173
1072491.500000, 27267.289063, 446951.843750, 0, 160
1072309.625000, 27255.500000, 446946.250000, 0, 157
1072127.875000, 27226.855469, 446938.625000, 0, 158
1071946.375000, 27193.185547, 446927.250000, 0, 158
1071764.750000, 27151.888672, 446914.156250, 0, 160
1071583.250000, 27111.226563, 446900.843750, 0, 160
1071401.500000, 27073.058594, 446887.250000, 0, 160
1071220.125000, 27033.068359, 446873.718750, 0, 160
1071038.250000, 27003.119141, 446860.937500, 0, 159
1070856.750000, 26976.210938, 446851.187500, 0, 158
1070675.000000, 26957.605469, 446844.781250, 0, 157
1070493.125000, 26947.406250, 446839.750000, 0, 157
1070311.000000, 26935.375000, 446835.062500, 0, 157
1070129.000000, 26925.763672, 446830.625000, 0, 157
1069946.875000, 26915.621094, 446826.468750, 0, 157
1069764.750000, 26907.111328, 446822.406250, 0, 151
1069713.125000, 26854.705078, 446821.250000, 0, 200
1069587.750000, 26903.609375, 446768.656250, 0, 157
1069384.125000, 26901.947266, 446737.437500, 0, 176
1069202.250000, 26898.242188, 446740.718750, 0, 156
1068994.375000, 26876.074219, 446747.750000, 0, 162
1068783.750000, 26864.066406, 446761.218750, 0, 165
1068570.625000, 26883.712891, 446782.531250, 0, 171
1068359.500000, 26918.962891, 446795.468750, 0, 171
1068152.375000, 26898.400391, 446812.500000, 0, 163
1067945.250000, 26883.267578, 446835.437500, 0, 161
1067739.375000, 26863.011719, 446864.156250, 0, 163
1067534.000000, 26859.203125, 446896.687500, 0, 162
1067325.375000, 26831.937500, 446930.062500, 0, 166
1067145.625000, 26782.949219, 446957.968750, 0, 162
1066965.000000, 26733.875000, 446981.968750, 0, 162
1066784.125000, 26697.613281, 447000.968750, 0, 159
1066602.875000, 26681.527344, 447014.593750, 0, 152
1066421.250000, 26632.529297, 447027.343750, 0, 162
1066240.000000, 26610.396484, 447043.937500, 0, 157
1066039.000000, 26636.312500, 447075.718750, 0, 176
1065859.125000, 26660.849609, 447133.843750, 0, 162
1065673.000000, 26662.402344, 447221.281250, 0, 175
1065574.625000, 26627.423828, 447266.906250, 0, 200
1065493.500000, 26687.984375, 447299.281250, 0, 171
1065310.125000, 26704.367188, 447372.406250, 0, 166
1065135.750000, 26711.240234, 447442.187500, 0, 162
1064958.125000, 26713.183594, 447512.218750, 0, 162
1064785.250000, 26703.589844, 447569.125000, 0, 157
1064605.000000, 26714.371094, 447624.500000, 0, 163
1064416.625000, 26729.027344, 447675.281250, 0, 169
1064235.500000, 26736.123047, 447713.375000, 0, 156
1064055.500000, 26734.113281, 447737.218750, 0, 156
1063874.375000, 26708.500000, 447754.781250, 0, 158
1063693.000000, 26688.259766, 447770.468750, 0, 157
1063511.500000, 26680.365234, 447782.968750, 0, 156
1063329.625000, 26666.388672, 447790.687500, 0, 157
1063277.500000, 26612.218750, 447792.031250, 0, 200
1063147.625000, 26649.322266, 447794.187500, 0, 157
1062967.375000, 26626.230469, 447799.562500, 0, 152
1062784.125000, 26609.726563, 447808.312500, 0, 159
1062602.250000, 26595.208984, 447816.343750, 0, 155
1062420.750000, 26562.542969, 447828.406250, 0, 159
1062239.875000, 26547.101563, 447846.812500, 0, 157
1062059.125000, 26563.867188, 447868.062500, 0, 158
1061865.375000, 26572.310547, 447892.093750, 0, 166
1061684.750000, 26537.476563, 447915.812500, 0, 160
1061581.875000, 26489.816406, 447929.843750, 0, 200
1061543.125000, 26534.300781, 448025.843750, 0, 158
1061471.500000, 26506.542969, 448193.250000, 0, 158
1061394.750000, 26461.333984, 448358.500000, 0, 162
1061309.625000, 26420.849609, 448519.000000, 0, 160
1061214.000000, 26383.267578, 448673.968750, 0, 160
1061111.375000, 26334.271484, 448824.281250, 0, 162
1061007.125000, 26285.265625, 448973.343750, 0, 162
1060902.875000, 26236.269531, 449122.562500, 0, 162
1060799.750000, 26193.125000, 449272.656250, 0, 160
1060699.750000, 26160.931641, 449424.843750, 0, 159
1060602.250000, 26143.320313, 449578.718750, 0, 157
1060508.000000, 26137.392578, 449734.218750, 0, 157
1060415.375000, 26109.783203, 449890.812500, 0, 158
1060322.625000, 26095.123047, 450047.468750, 0, 157
1060229.750000, 26099.027344, 450203.906250, 0, 156
1060163.625000, 26044.916016, 450315.968750, 0, 200
1060086.125000, 26085.648438, 450309.031250, 0, 155
1059879.000000, 26060.097656, 450290.375000, 0, 165
1059697.875000, 26032.187500, 450274.312500, 0, 158
1059515.875000, 25997.503906, 450262.062500, 0, 159
1059334.000000, 25987.804688, 450262.125000, 0, 157
1059146.625000, 25992.546875, 450267.812500, 0, 162
1058956.500000, 25998.742188, 450269.593750, 0, 162
1058774.500000, 25989.935547, 450265.437500, 0, 157
1058572.375000, 26004.830078, 450261.125000, 0, 173
1058387.250000, 26011.822266, 450261.125000, 0, 156
1058205.125000, 25998.671875, 450269.000000, 0, 157
1058023.500000, 25990.591797, 450280.281250, 0, 157
1057842.000000, 25974.781250, 450291.812500, 0, 157
1057660.500000, 25961.386719, 450303.406250, 0, 157
1057555.125000, 25901.189453, 450315.468750, 0, 200
1057474.250000, 25943.509766, 450323.718750, 0, 163
1057293.125000, 25932.019531, 450342.281250, 0, 157
1057114.000000, 25935.089844, 450372.718750, 0, 156
1056935.000000, 25917.693359, 450407.562500, 0, 157
1056760.625000, 25905.980469, 450458.250000, 0, 153
1056592.625000, 25882.394531, 450535.781250, 0, 158
1056422.625000, 25886.806641, 450638.906250, 0, 174
1056269.875000, 25883.074219, 450745.156250, 0, 157
1056204.250000, 25883.841797, 450911.437500, 0, 158
1056161.250000, 25908.267578, 451088.281250, 0, 154
1056192.500000, 25855.609375, 451077.343750, 0, 200
1056193.500000, 25937.496094, 451236.562500, 0, 155
1056189.000000, 25960.562500, 451436.718750, 0, 167
1056177.375000, 25966.699219, 451618.062500, 0, 157
1056147.375000, 25993.585938, 451817.625000, 0, 175
1056116.250000, 26025.369141, 452018.406250, 0, 177
1056210.500000, 26038.927734, 452161.875000, 0, 154
1056206.500000, 26048.919922, 452341.812500, 0, 157
1056181.875000, 26078.554688, 452524.750000, 0, 162
1056155.750000, 26111.941406, 452714.312500, 0, 168
1056129.375000, 26124.500000, 452903.718750, 0, 163
1056104.125000, 26130.425781, 453083.593750, 0, 156
1056078.000000, 26139.910156, 453270.375000, 0, 163
1056052.875000, 26146.117188, 453454.093750, 0, 157
1056029.625000, 26151.861328, 453634.281250, 0, 156
1056012.250000, 26152.404297, 453814.062500, 0, 155
1055992.750000, 26152.755859, 453996.500000, 0, 158
1055968.875000, 26169.167969, 454200.437500, 0, 177
1055962.000000, 26123.730469, 454258.750000, 0, 200
1056113.250000, 26184.650391, 454152.250000, 0, 168
1056284.000000, 26169.455078, 454081.343750, 0, 153
1056456.000000, 26149.369141, 454021.875000, 0, 157
1056631.250000, 26159.033203, 453962.562500, 0, 160
1056810.500000, 26166.103516, 453903.656250, 0, 160
1056984.250000, 26165.835938, 453849.468750, 0, 156
1057180.750000, 26157.105469, 453856.968750, 0, 173
1057356.625000, 26166.613281, 453933.937500, 0, 166
1057533.375000, 26177.419922, 454017.000000, 0, 167
1057707.750000, 26201.859375, 454099.125000, 0, 169
1057887.625000, 26241.302734, 454185.343750, 0, 175
1058067.125000, 26270.523438, 454276.062500, 0, 175
1058236.875000, 26285.171875, 454385.406250, 0, 174
1058385.250000, 26325.537109, 454496.781250, 0, 160
1058490.375000, 26286.279297, 454572.812500, 0, 200
1058568.125000, 26323.367188, 454572.656250, 0, 170
1058776.125000, 26326.476563, 454577.000000, 0, 164
1058958.125000, 26365.238281, 454581.968750, 0, 160
1059157.750000, 26396.523438, 454582.468750, 0, 174
1059342.750000, 26452.294922, 454583.656250, 0, 164
1059524.750000, 26493.634766, 454579.843750, 0, 159
1059705.500000, 26539.177734, 454559.562500, 0, 158
1059897.250000, 26573.357422, 454517.781250, 0, 171
1060093.875000, 26604.583984, 454468.562500, 0, 174
1060286.875000, 26642.470703, 454416.250000, 0, 174
1060479.875000, 26673.964844, 454366.500000, 0, 171
1060479.875000, 26623.964844, 454366.500000, 0, 200
1060652.875000, 26701.496094, 454356.843750, 0, 176
1060854.250000, 26736.533203, 454349.312500, 0, 176
1061054.375000, 26774.585938, 454346.093750, 0, 175
1061255.875000, 26807.699219, 454345.125000, 0, 176
1061460.500000, 26832.238281, 454345.312500, 0, 177
1061629.750000, 26886.269531, 454402.625000, 0, 164
1061818.125000, 26876.394531, 454403.281250, 0, 163
1062000.750000, 26891.378906, 454348.343750, 0, 164
1062026.875000, 26839.486328, 454347.843750, 0, 200
1062116.750000, 26866.732422, 454475.250000, 0, 158
1062221.375000, 26862.392578, 454624.281250, 0, 156
1062323.000000, 26863.091797, 454775.000000, 0, 156
1062477.125000, 26868.878906, 454746.437500, 0, 157
1062654.750000, 26875.554688, 454713.531250, 0, 155
1062833.375000, 26881.732422, 454680.281250, 0, 156
1063017.500000, 26892.230469, 454639.656250, 0, 163
1063194.750000, 26898.552734, 454584.968750, 0, 156
1063366.125000, 26913.480469, 454524.500000, 0, 157
1063536.500000, 26882.865234, 454461.031250, 0, 159
1063704.750000, 26876.412109, 454391.343750, 0, 156
1063776.500000, 26805.318359, 454360.250000, 0, 200
1063864.625000, 26850.128906, 454305.281250, 0, 158
1064043.625000, 26848.763672, 454193.593750, 0, 177
1064202.500000, 26855.996094, 454092.375000, 0, 160
1064355.375000, 26864.652344, 453988.000000, 0, 158
1064512.750000, 26873.572266, 453866.593750, 0, 170
1064651.375000, 26872.775391, 453734.093750, 0, 162
1064754.875000, 26854.113281, 453584.750000, 0, 157
1064850.750000, 26844.492188, 453429.968750, 0, 157
1064946.125000, 26835.960938, 453275.062500, 0, 156
1065041.250000, 26822.689453, 453119.968750, 0, 156
1065136.375000, 26802.353516, 452964.781250, 0, 155
1065231.625000, 26781.761719, 452809.625000, 0, 157
1065337.875000, 26794.964844, 452637.343750, 0, 177
1065438.375000, 26794.640625, 452477.750000, 0, 160
1065535.875000, 26794.185547, 452324.031250, 0, 156
1065598.875000, 26758.234375, 452224.906250, 0, 200
1065646.375000, 26816.820313, 452151.062500, 0, 178
1065757.625000, 26823.460938, 451995.031250, 0, 163
1065881.500000, 26811.566406, 451861.625000, 0, 157
1066013.250000, 26807.318359, 451736.125000, 0, 156
1066153.500000, 26814.156250, 451604.750000, 0, 167
1066302.875000, 26838.562500, 451465.875000, 0, 176
1066451.875000, 26863.173828, 451326.406250, 0, 176
1066600.125000, 26884.943359, 451185.500000, 0, 175
1066743.125000, 26907.443359, 451052.093750, 0, 168
1066886.125000, 26917.062500, 450919.031250, 0, 170
1067024.625000, 26910.091797, 450795.843750, 0, 155
1067164.875000, 26907.052734, 450679.875000, 0, 156
1067320.625000, 26918.689453, 450561.031250, 0, 170
1067472.125000, 26908.208984, 450454.187500, 0, 156
1067624.000000, 26896.292969, 450353.968750, 0, 156
1067779.500000, 26897.552734, 450259.812500, 0, 156
1067938.875000, 26891.964844, 450171.781250, 0, 156
1068097.875000, 26893.984375, 450083.656250, 0, 156
1068276.000000, 26912.503906, 449982.875000, 0, 176
1068437.125000, 26922.513672, 449891.906250, 0, 160
1068615.375000, 26937.173828, 449789.687500, 0, 177
1068802.250000, 26950.451172, 449735.687500, 0, 171
1068885.250000, 26911.687500, 449694.625000, 0, 200
1068902.750000, 27008.583984, 449852.843750, 0, 154
1068949.375000, 27068.591797, 450055.375000, 0, 169
1068994.500000, 27111.234375, 450231.843750, 0, 158
1069027.750000, 27178.980469, 450398.250000, 0, 155
1069076.125000, 27192.720703, 450573.718750, 0, 156
1069125.250000, 27234.542969, 450749.062500, 0, 160
1069173.375000, 27251.642578, 450927.843750, 0, 159
1069251.500000, 27260.287109, 451080.625000, 0, 152
1069279.250000, 27272.671875, 451265.531250, 0, 162
1069294.500000, 27308.652344, 451465.718750, 0, 170
1069304.625000, 27341.144531, 451663.187500, 0, 171
1069308.750000, 27381.017578, 451845.156250, 0, 159
1069308.625000, 27336.464844, 451871.187500, 0, 200
1069314.500000, 27424.664063, 452027.156250, 0, 161
1069323.000000, 27474.869141, 452209.093750, 0, 162
1069339.000000, 27515.669922, 452390.375000, 0, 160
1069361.875000, 27541.226563, 452589.593750, 0, 176
1069395.875000, 27585.494141, 452771.625000, 0, 162
1069450.625000, 27627.871094, 452946.593750, 0, 162
1069532.750000, 27663.443359, 453126.281250, 0, 174
1069642.250000, 27716.228516, 453271.625000, 0, 163
1069777.875000, 27773.107422, 453392.468750, 0, 164
1069799.250000, 27731.689453, 453407.875000, 0, 200
1069949.625000, 27822.248047, 453449.125000, 0, 162
1070112.625000, 27897.031250, 453521.000000, 0, 167
1070290.250000, 27978.173828, 453560.437500, 0, 171
1070467.875000, 28052.218750, 453600.625000, 0, 169
1070645.250000, 28137.994141, 453641.656250, 0, 173
1070822.125000, 28209.240234, 453684.656250, 0, 167
1070997.375000, 28272.220703, 453733.656250, 0, 166
1071172.125000, 28337.292969, 453784.812500, 0, 166
1071346.625000, 28400.787109, 453836.375000, 0, 166
1071521.000000, 28463.312500, 453888.562500, 0, 166
1071695.000000, 28523.019531, 453942.281250, 0, 163
1071868.375000, 28570.031250, 453997.500000, 0, 161
1072039.750000, 28639.974609, 454058.875000, 0, 168
1072210.000000, 28730.898438, 454123.937500, 0, 175
1072355.625000, 28826.593750, 454179.000000, 0, 154
1072502.500000, 28936.945313, 454231.593750, 0, 160
1072672.000000, 29013.931641, 454298.343750, 0, 168
1072840.125000, 29089.013672, 454367.781250, 0, 169
1073010.000000, 29189.947266, 454433.687500, 0, 180
1073179.750000, 29298.167969, 454499.656250, 0, 180
1073324.000000, 29394.714844, 454558.750000, 0, 154
1073490.375000, 29488.904297, 454632.437500, 0, 175
1073656.000000, 29582.373047, 454708.062500, 0, 177
1073820.750000, 29675.683594, 454785.000000, 0, 175
1073987.000000, 29760.277344, 454860.218750, 0, 172
1074154.000000, 29819.275391, 454931.843750, 0, 165
1074324.250000, 29885.210938, 454996.500000, 0, 166
1074494.375000, 29933.138672, 455060.312500, 0, 161
1074664.875000, 29969.812500, 455124.375000, 0, 159
1074842.625000, 30005.853516, 455191.468750, 0, 167
1075031.375000, 30037.695313, 455262.312500, 0, 176
1075220.375000, 30063.998047, 455335.937500, 0, 176
1075404.875000, 30078.302734, 455409.093750, 0, 170
1075595.125000, 30101.859375, 455483.656250, 0, 177
1075764.000000, 30152.751953, 455551.937500, 0, 162
1075932.750000, 30209.658203, 455619.687500, 0, 164
1076101.750000, 30267.066406, 455687.562500, 0, 164
1076270.750000, 30326.828125, 455755.312500, 0, 165
1076439.750000, 30390.646484, 455822.843750, 0, 166
1076608.625000, 30453.609375, 455890.250000, 0, 165
1076777.500000, 30511.929688, 455958.343750, 0, 164
1076946.375000, 30552.996094, 456026.750000, 0, 160
1077115.000000, 30591.042969, 456095.062500, 0, 160
1077292.250000, 30624.990234, 456165.437500, 0, 168
1077480.750000, 30656.021484, 456238.562500, 0, 176
1077534.750000, 30615.000000, 456259.531250, 0, 200
1077657.375000, 30670.937500, 456216.406250, 0, 154
1077838.000000, 30681.156250, 456152.093750, 0, 167
1078027.500000, 30696.181641, 456082.187500, 0, 173
1078211.875000, 30711.078125, 456009.031250, 0, 170
1078394.500000, 30728.492188, 455932.281250, 0, 173
1078579.750000, 30757.167969, 455849.625000, 0, 176
1078762.750000, 30793.750000, 455767.187500, 0, 175
1078932.750000, 30834.087891, 455694.531250, 0, 161
1079107.625000, 30878.375000, 455619.343750, 0, 169
1079281.500000, 30924.863281, 455544.375000, 0, 168
1079464.125000, 30964.312500, 455463.531250, 0, 175
1079647.750000, 30996.613281, 455378.281250, 0, 176
1079829.875000, 31026.595703, 455291.062500, 0, 176
1080013.125000, 31052.138672, 455202.843750, 0, 176
1080166.750000, 31025.960938, 455118.312500, 0, 200
1080184.125000, 31078.162109, 455093.468750, 0, 176
1080311.375000, 31086.722656, 454920.906250, 0, 169
1080419.375000, 31093.603516, 454774.718750, 0, 156
1080545.750000, 31119.064453, 454610.875000, 0, 179
1080665.500000, 31152.187500, 454465.687500, 0, 162
1080781.875000, 31167.156250, 454322.125000, 0, 160
1080901.625000, 31199.951172, 454184.968750, 0, 160
1081020.750000, 31258.869141, 454047.062500, 0, 165
1081136.250000, 31305.011719, 453907.031250, 0, 161
1081250.250000, 31348.318359, 453762.593750, 0, 166
1081369.500000, 31343.773438, 453624.937500, 0, 157
1081489.375000, 31316.347656, 453488.093750, 0, 159
1081610.000000, 31299.001953, 453351.937500, 0, 157
1081731.125000, 31290.566406, 453216.156250, 0, 156
1081852.875000, 31283.251953, 453080.625000, 0, 157
1081974.625000, 31276.230469, 452945.250000, 0, 156
1082096.375000, 31268.115234, 452809.968750, 0, 157
1082217.750000, 31263.351563, 452674.406250, 0, 157
1082321.750000, 31214.458984, 452557.968750, 0, 200
1082339.250000, 31264.644531, 452538.343750, 0, 156
1082477.875000, 31248.099609, 452383.750000, 0, 175
1082601.875000, 31286.611328, 452246.156250, 0, 160
1082726.500000, 31306.765625, 452109.812500, 0, 160
1082860.875000, 31297.652344, 451972.031250, 0, 167
1083002.250000, 31291.244141, 451834.031250, 0, 165
1083135.625000, 31286.576172, 451709.375000, 0, 151
1083270.250000, 31271.917969, 451587.750000, 0, 153
1083407.250000, 31268.466797, 451467.968750, 0, 156
1083546.625000, 31265.335938, 451351.031250, 0, 156
1083686.875000, 31259.769531, 451234.906250, 0, 157
1083827.250000, 31228.673828, 451118.906250, 0, 159
1083968.375000, 31211.898438, 451003.750000, 0, 156
1084111.000000, 31192.414063, 450890.718750, 0, 157
1084254.375000, 31189.105469, 450778.406250, 0, 156
1084399.625000, 31180.939453, 450664.156250, 0, 159
1084543.500000, 31135.439453, 450552.500000, 0, 161
1084686.875000, 31121.398438, 450441.000000, 0, 157
1084832.000000, 31108.154297, 450330.281250, 0, 158
1084974.250000, 31097.603516, 450216.843750, 0, 156
1085116.625000, 31096.976563, 450103.125000, 0, 157
1085261.750000, 31097.882813, 449987.500000, 0, 160
1085404.750000, 31094.070313, 449875.187500, 0, 157
1085549.375000, 31073.470703, 449764.500000, 0, 158
1085694.875000, 31047.640625, 449655.531250, 0, 158
1085842.000000, 31039.529297, 449548.093750, 0, 156
1085988.625000, 31041.080078, 449441.000000, 0, 156
1086143.625000, 31050.554688, 449327.750000, 0, 166
1086290.625000, 31040.816406, 449220.500000, 0, 155
1086437.875000, 31033.789063, 449113.125000, 0, 157
1086585.000000, 31033.960938, 449006.187500, 0, 157
1086732.750000, 31032.589844, 448899.625000, 0, 157
1086880.000000, 31029.773438, 448793.312500, 0, 156
1087027.625000, 31022.531250, 448686.812500, 0, 153
1087175.250000, 31005.966797, 448580.375000, 0, 157
1087217.625000, 30952.169922, 448549.812500, 0, 200
1087324.250000, 30999.554688, 448475.343750, 0, 157
1087494.750000, 31000.564453, 448356.312500, 0, 172
1087644.500000, 30996.951172, 448252.875000, 0, 156
1087794.750000, 30986.923828, 448150.187500, 0, 156
1087946.125000, 30974.298828, 448049.406250, 0, 157
1088098.875000, 30962.933594, 447949.937500, 0, 157
1088252.250000, 30952.507813, 447851.937500, 0, 157
1088411.500000, 30961.044922, 447751.125000, 0, 163
1088566.750000, 30950.302734, 447656.000000, 0, 156
1088700.125000, 30889.408203, 447574.406250, 0, 200
1088722.500000, 30936.443359, 447560.687500, 0, 158
1088877.500000, 30922.894531, 447465.562500, 0, 156
1089032.500000, 30907.156250, 447370.156250, 0, 154
1089186.875000, 30875.939453, 447273.875000, 0, 157
1089338.750000, 30853.992188, 447173.625000, 0, 156
1089485.625000, 30826.990234, 447066.062500, 0, 158
1089628.625000, 30814.910156, 446953.406250, 0, 156
1089771.125000, 30803.460938, 446840.125000, 0, 156
1089913.625000, 30786.339844, 446726.906250, 0, 155
1090056.500000, 30771.466797, 446613.531250, 0, 156
1090198.875000, 30761.123047, 446500.343750, 0, 156
1090340.250000, 30750.443359, 446385.593750, 0, 156
1090488.625000, 30763.287109, 446253.843750, 0, 171
1090633.750000, 30768.447266, 446123.500000, 0, 164
1090770.250000, 30755.767578, 446003.187500, 0, 154
1090905.000000, 30724.435547, 445880.656250, 0, 155
1091037.250000, 30692.609375, 445755.625000, 0, 155
1091167.500000, 30671.048828, 445628.375000, 0, 157
1091295.750000, 30654.886719, 445499.156250, 0, 155
1091421.500000, 30641.666016, 445367.781250, 0, 155
1091544.875000, 30630.636719, 445233.875000, 0, 152
1091667.250000, 30605.132813, 445098.718750, 0, 151
1091786.875000, 30574.111328, 444962.125000, 0, 154
1091904.250000, 30549.955078, 444823.093750, 0, 154
1092021.250000, 30541.744141, 444683.593750, 0, 155
1092168.875000, 30551.507813, 444536.312500, 0, 177
1092266.750000, 30486.478516, 444450.625000, 0, 200
1092306.875000, 30529.837891, 444417.343750, 0, 156
1092446.250000, 30521.207031, 444300.187500, 0, 153
1092583.250000, 30524.746094, 444180.312500, 0, 154
1092719.875000, 30509.029297, 444060.093750, 0, 152
1092854.000000, 30502.152344, 443937.312500, 0, 152
1092983.750000, 30506.277344, 443809.718750, 0, 153
1093110.500000, 30515.984375, 443675.000000, 0, 155
1093239.125000, 30517.476563, 443536.781250, 0, 154
1093295.625000, 30496.029297, 443349.156250, 0, 171
1093293.875000, 30472.324219, 443141.218750, 0, 163
1093282.625000, 30454.205078, 442959.562500, 0, 151
1093261.875000, 30432.144531, 442778.718750, 0, 156
1093224.000000, 30419.671875, 442600.625000, 0, 153
1093171.500000, 30409.250000, 442426.375000, 0, 154
1093116.750000, 30411.583984, 442253.125000, 0, 153
1093061.875000, 30418.761719, 442079.937500, 0, 151
1093007.125000, 30420.964844, 441906.531250, 0, 152
1093007.125000, 30370.964844, 441906.531250, 0, 200
1093158.375000, 30422.912109, 441944.687500, 0, 157
1093363.125000, 30425.906250, 441979.593750, 0, 156
1093570.250000, 30429.802734, 441997.218750, 0, 176
1093751.625000, 30424.679688, 442013.031250, 0, 153
1093933.000000, 30417.755859, 442029.156250, 0, 153
1094114.375000, 30416.417969, 442044.375000, 0, 152
1094322.125000, 30418.576172, 442059.906250, 0, 175
1094503.750000, 30415.695313, 442072.500000, 0, 151
1094685.250000, 30415.417969, 442084.468750, 0, 151
1094867.000000, 30416.876953, 442090.781250, 0, 152
1095048.875000, 30404.167969, 442085.093750, 0, 152
1095230.625000, 30389.574219, 442077.187500, 0, 152
1095412.250000, 30386.734375, 442064.312500, 0, 151
1095618.750000, 30382.937500, 442038.031250, 0, 176
1095797.750000, 30367.230469, 442006.187500, 0, 151
1095975.000000, 30351.654297, 441963.781250, 0, 153
1096149.375000, 30329.708984, 441910.781250, 0, 151
1096149.375000, 30279.708984, 441910.781250, 0, 200
1096131.125000, 30302.865234, 441759.437500, 0, 155
1096126.625000, 30276.400391, 441549.562500, 0, 170
1096129.625000, 30270.062500, 441341.593750, 0, 176
1096132.375000, 30260.623047, 441159.531250, 0, 152
1096136.250000, 30263.417969, 440971.031250, 0, 156
1096139.750000, 30250.177734, 440759.750000, 0, 177
1096139.500000, 30201.589844, 440577.500000, 0, 156
1096137.750000, 30170.566406, 440369.687500, 0, 152
1096135.500000, 30121.527344, 440187.593750, 0, 159
1096122.125000, 30072.580078, 440006.343750, 0, 160
1096054.250000, 30025.189453, 439865.875000, 0, 162
1095973.500000, 29976.171875, 439702.593750, 0, 158
1095893.500000, 29927.171875, 439539.218750, 0, 159
1095815.250000, 29897.287109, 439374.843750, 0, 152
1095737.375000, 29870.574219, 439210.343750, 0, 155
1095659.625000, 29849.353516, 439045.656250, 0, 152
1095580.750000, 29830.429688, 438881.750000, 0, 151
1095498.500000, 29822.341797, 438719.281250, 0, 155
1095425.625000, 29770.767578, 438581.093750, 0, 200
1095439.625000, 29813.005859, 438530.468750, 0, 170
1095490.875000, 29791.738281, 438329.343750, 0, 160
1095529.750000, 29771.548828, 438151.625000, 0, 151
1095562.625000, 29747.841797, 437972.468750, 0, 152
1095591.875000, 29731.546875, 437766.562500, 0, 176
1095610.750000, 29737.544922, 437559.312500, 0, 176
1095622.000000, 29757.574219, 437374.906250, 0, 151
1095637.875000, 29777.144531, 437181.625000, 0, 166
1095650.625000, 29776.865234, 437000.093750, 0, 152
1095661.750000, 29776.333984, 436818.312500, 0, 153
1095672.375000, 29761.582031, 436636.812500, 0, 152
1095684.250000, 29748.330078, 436429.156250, 0, 176
1095692.875000, 29739.539063, 436247.312500, 0, 151
1095699.875000, 29729.916016, 436064.000000, 0, 151
1095707.750000, 29714.058594, 435857.437500, 0, 171
1095709.875000, 29658.029297, 435804.843750, 0, 200
1095733.125000, 29693.355469, 435676.843750, 0, 154
1095774.625000, 29693.001953, 435473.500000, 0, 171
1095813.625000, 29690.087891, 435295.906250, 0, 154
1095859.500000, 29681.167969, 435093.031250, 0, 176
1095901.750000, 29670.007813, 434916.000000, 0, 152
1095947.375000, 29652.847656, 434739.781250, 0, 154
1095996.875000, 29632.291016, 434561.218750, 0, 158
1096046.625000, 29602.798828, 434382.562500, 0, 155
1096101.000000, 29624.673828, 434185.437500, 0, 175
1096156.375000, 29643.990234, 433988.031250, 0, 174
1096218.000000, 29677.925781, 433796.031250, 0, 172
1096285.000000, 29709.908203, 433605.125000, 0, 171
1096351.750000, 29740.835938, 433413.562500, 0, 173
1096418.375000, 29773.232422, 433223.187500, 0, 176
1096486.625000, 29790.900391, 433030.062500, 0, 175
1096556.000000, 29815.580078, 432838.375000, 0, 173
1096626.000000, 29844.847656, 432648.531250, 0, 173
1096690.250000, 29890.167969, 432475.062500, 0, 159
1096743.125000, 29932.998047, 432302.531250, 0, 156
1096730.125000, 29973.339844, 432121.250000, 0, 157
1096715.375000, 30008.013672, 431933.593750, 0, 164
1096700.500000, 30026.333984, 431729.156250, 0, 175
1096691.250000, 30051.306641, 431525.500000, 0, 174
1096692.625000, 30072.140625, 431320.687500, 0, 175
1096696.000000, 30093.033203, 431119.937500, 0, 173
1096696.000000, 30043.033203, 431119.937500, 0, 200
1096713.625000, 30103.986328, 430943.125000, 0, 179
1096823.750000, 30119.546875, 430778.281250, 0, 157
1097022.750000, 30141.943359, 430731.750000, 0, 176
1097191.750000, 30151.535156, 430722.593750, 0, 170
1097393.375000, 30169.591797, 430709.718750, 0, 160
1097588.000000, 30181.005859, 430694.437500, 0, 162
1097787.750000, 30206.042969, 430677.281250, 0, 174
1097991.750000, 30229.525391, 430664.906250, 0, 176
1098192.875000, 30265.267578, 430675.968750, 0, 174
1098393.375000, 30298.849609, 430699.125000, 0, 175
1098574.375000, 30374.906250, 430719.000000, 0, 169
1098755.625000, 30455.908203, 430733.687500, 0, 170
1098952.125000, 30497.011719, 430743.750000, 0, 169
1098952.125000, 30447.011719, 430743.750000, 0, 200
1099118.875000, 30511.941406, 430687.750000, 0, 177
1099300.625000, 30516.011719, 430625.937500, 0, 154
1099471.000000, 30516.166016, 430561.968750, 0, 153
1099640.000000, 30519.912109, 430494.375000, 0, 153
1099806.875000, 30525.341797, 430422.812500, 0, 156
1099970.375000, 30529.638672, 430343.250000, 0, 154
1100133.125000, 30534.175781, 430254.406250, 0, 154
1100291.250000, 30535.529297, 430164.656250, 0, 153
1100449.875000, 30542.187500, 430069.187500, 0, 158
1100608.250000, 30541.943359, 429972.656250, 0, 154
1100763.625000, 30534.277344, 429877.937500, 0, 153
1100763.625000, 30484.277344, 429877.937500, 0, 200
1100889.750000, 30526.296875, 429786.093750, 0, 157
1101018.375000, 30519.439453, 429642.375000, 0, 175
1101174.500000, 30520.519531, 429530.718750, 0, 164
1101323.000000, 30489.714844, 429424.937500, 0, 154
1101471.250000, 30463.082031, 429319.125000, 0, 155
1101619.000000, 30443.914063, 429212.750000, 0, 156
1101786.000000, 30425.212891, 429088.968750, 0, 176
1101930.750000, 30409.271484, 428978.812500, 0, 155
1102075.500000, 30391.314453, 428868.218750, 0, 155
1102219.000000, 30394.207031, 428756.156250, 0, 156
1102339.250000, 30385.271484, 428621.281250, 0, 156
1102460.500000, 30354.650391, 428452.156250, 0, 161
1102573.000000, 30332.009766, 428309.031250, 0, 155
1102691.250000, 30309.496094, 428170.562500, 0, 154
1102814.000000, 30287.251953, 428036.031250, 0, 154
1102938.500000, 30281.978516, 427903.468750, 0, 153
1103063.000000, 30268.273438, 427770.843750, 0, 155
1103185.750000, 30231.335938, 427636.468750, 0, 158
1103306.375000, 30214.773438, 427500.000000, 0, 153
1103425.625000, 30204.455078, 427362.562500, 0, 154
1103543.875000, 30191.974609, 427224.125000, 0, 156
1103663.000000, 30175.177734, 427086.375000, 0, 155
1103785.375000, 30155.625000, 426951.843750, 0, 151
1103888.375000, 30126.779297, 426801.562500, 0, 156
1104018.375000, 30096.478516, 426674.156250, 0, 155
1104117.000000, 30031.519531, 426636.031250, 0, 200
1104178.375000, 30069.244141, 426588.031250, 0, 157
1104342.625000, 30024.201172, 426460.437500, 0, 176
1104486.125000, 29979.519531, 426348.500000, 0, 158
1104627.500000, 29930.527344, 426233.843750, 0, 158
1104767.625000, 29884.851563, 426117.468750, 0, 157
1104907.500000, 29845.708984, 426001.062500, 0, 156
1105047.250000, 29796.695313, 425884.468750, 0, 159
1105192.500000, 29748.367188, 425773.375000, 0, 159
1105340.625000, 29705.578125, 425670.375000, 0, 157
1105496.125000, 29656.576172, 425575.593750, 0, 158
1105656.125000, 29607.496094, 425488.468750, 0, 158
1105816.875000, 29558.480469, 425402.968750, 0, 158
1105977.375000, 29509.566406, 425317.562500, 0, 159
1106137.750000, 29460.541016, 425231.343750, 0, 157
1106296.750000, 29418.564453, 425142.687500, 0, 154
1106454.625000, 29376.486328, 425051.812500, 0, 155
1106610.500000, 29328.841797, 424958.093750, 0, 158
1106764.375000, 29279.769531, 424860.593750, 0, 158
1106917.625000, 29230.794922, 424762.656250, 0, 158
1107070.875000, 29181.787109, 424664.406250, 0, 159
1107223.500000, 29132.699219, 424564.750000, 0, 160
1107374.000000, 29083.767578, 424462.656250, 0, 162
1107521.875000, 29034.802734, 424356.875000, 0, 162
1107669.875000, 28985.769531, 424250.718750, 0, 161
1107818.500000, 28936.789063, 424145.750000, 0, 161
1107969.500000, 28887.783203, 424044.000000, 0, 160
1108121.625000, 28824.458984, 423943.468750, 0, 166
1108273.875000, 28732.828125, 423844.093750, 0, 176
1108427.625000, 28679.708984, 423746.500000, 0, 162
1108582.500000, 28630.765625, 423651.500000, 0, 159
1108739.000000, 28581.761719, 423558.593750, 0, 162
1108896.250000, 28532.736328, 423466.906250, 0, 159
1109053.750000, 28483.691406, 423375.593750, 0, 162
1109211.500000, 28434.683594, 423284.718750, 0, 161
1109369.375000, 28385.738281, 423194.687500, 0, 161
1109528.875000, 28336.666016, 423106.531250, 0, 160
1109689.500000, 28287.701172, 423021.281250, 0, 162
1109851.375000, 28238.654297, 422937.562500, 0, 160
1110013.250000, 28189.718750, 422854.843750, 0, 160
1110175.625000, 28140.691406, 422772.312500, 0, 162
1110338.125000, 28091.666016, 422689.781250, 0, 162
1110499.750000, 28066.144531, 422606.687500, 0, 157
1110661.125000, 28041.119141, 422522.312500, 0, 157
1110821.625000, 27992.052734, 422435.781250, 0, 160
1110980.750000, 27948.449219, 422347.468750, 0, 160
1111139.125000, 27909.978516, 422257.968750, 0, 159
1111297.125000, 27880.792969, 422167.375000, 0, 158
1111454.000000, 27860.724609, 422075.156250, 0, 155
1111609.375000, 27841.134766, 421980.312500, 0, 157
1111759.750000, 27837.078125, 421878.031250, 0, 155
1111898.875000, 27828.921875, 421760.843750, 0, 154
1112025.375000, 27814.367188, 421629.625000, 0, 157
1112144.000000, 27819.199219, 421491.906250, 0, 155
1112268.625000, 27831.310547, 421346.500000, 0, 166
1112409.875000, 27853.824219, 421198.781250, 0, 176
1112559.625000, 27886.539063, 421063.812500, 0, 175
1112710.000000, 27935.152344, 420947.500000, 0, 168
1112865.375000, 27977.255859, 420835.750000, 0, 168
1113029.000000, 28003.689453, 420715.812500, 0, 175
1113192.000000, 28033.171875, 420595.218750, 0, 175
1113353.125000, 28054.443359, 420481.750000, 0, 168
1113509.625000, 28091.666016, 420377.156250, 0, 163
1113538.625000, 28046.703125, 420357.218750, 0, 200
1113679.625000, 28113.330078, 420259.375000, 0, 173
1113838.125000, 28124.865234, 420151.375000, 0, 167
1113988.500000, 28132.878906, 420049.312500, 0, 156
1114146.250000, 28158.556641, 419941.812500, 0, 166
1114307.250000, 28187.656250, 419820.062500, 0, 175
1114432.375000, 28211.652344, 419658.656250, 0, 159
1114554.250000, 28228.232422, 419503.500000, 0, 169
1114674.750000, 28238.431641, 419350.875000, 0, 166
1114786.375000, 28232.503906, 419207.031250, 0, 155
1114889.000000, 28228.357422, 419056.843750, 0, 154
1114987.750000, 28219.583984, 418903.906250, 0, 155
1115086.500000, 28203.505859, 418750.718750, 0, 155
1115184.625000, 28184.570313, 418597.500000, 0, 156
1115296.750000, 28163.580078, 418422.312500, 0, 175
1115395.125000, 28157.074219, 418268.937500, 0, 157
1115409.875000, 28106.429688, 418245.843750, 0, 200
1115567.625000, 28152.417969, 418231.687500, 0, 159
1115734.125000, 28147.896484, 418107.437500, 0, 172
1115870.750000, 28141.654297, 417957.875000, 0, 159
1115933.625000, 28153.066406, 417773.000000, 0, 165
1116000.250000, 28168.105469, 417578.750000, 0, 174
1116064.000000, 28166.681641, 417408.093750, 0, 153
1116131.500000, 28167.496094, 417239.250000, 0, 155
1116207.000000, 28181.197266, 417055.312500, 0, 173
1116278.750000, 28191.076172, 416881.156250, 0, 157
1116351.875000, 28209.136719, 416704.500000, 0, 164
1116429.625000, 28236.080078, 416516.687500, 0, 173
1116494.500000, 28250.601563, 416361.312500, 0, 170
1116494.500000, 28200.601563, 416361.312500, 0, 200
1116642.125000, 28241.738281, 416411.968750, 0, 157
1116839.250000, 28235.015625, 416477.843750, 0, 162
1117022.625000, 28245.925781, 416545.406250, 0, 167
1117198.500000, 28255.925781, 416629.968750, 0, 163
1117354.750000, 28248.531250, 416723.500000, 0, 155
1117506.625000, 28242.095703, 416823.625000, 0, 156
1117666.875000, 28246.816406, 416908.062500, 0, 154
1117814.000000, 28249.947266, 417015.125000, 0, 155
1117919.375000, 28201.617188, 417091.593750, 0, 200
1117961.875000, 28252.312500, 417121.437500, 0, 155
1118132.125000, 28246.945313, 417241.062500, 0, 162
1118294.625000, 28240.564453, 417312.500000, 0, 151
1118500.625000, 28232.351563, 417341.312500, 0, 162
1118680.750000, 28233.443359, 417366.250000, 0, 155
1118861.000000, 28230.859375, 417390.343750, 0, 156
1119042.000000, 28214.919922, 417408.750000, 0, 155
1119223.625000, 28198.914063, 417422.500000, 0, 156
1119405.125000, 28172.296875, 417435.250000, 0, 157
1119588.125000, 28150.320313, 417446.625000, 0, 158
1119795.500000, 28133.136719, 417459.031250, 0, 175
1119795.500000, 28083.136719, 417459.031250, 0, 200
1119951.750000, 28113.177734, 417456.781250, 0, 158
1120178.750000, 28125.248047, 417450.156250, 0, 178
1120369.375000, 28138.095703, 417435.656250, 0, 158
1120548.375000, 28127.859375, 417403.562500, 0, 155
1120718.500000, 28119.437500, 417340.093750, 0, 154
1120871.250000, 28113.382813, 417241.562500, 0, 155
1121017.625000, 28097.562500, 417133.500000, 0, 157
1121174.375000, 28084.207031, 417044.625000, 0, 151
1121373.875000, 28072.271484, 416986.125000, 0, 175
1121549.000000, 28047.541016, 416936.875000, 0, 155
1121724.375000, 28035.201172, 416887.875000, 0, 155
1121899.625000, 27997.976563, 416838.718750, 0, 158
1122073.500000, 27966.494141, 416784.906250, 0, 157
1122241.250000, 27948.492188, 416714.437500, 0, 156
1122403.625000, 27919.974609, 416632.718750, 0, 156
1122565.750000, 27890.707031, 416549.375000, 0, 158
1122727.500000, 27868.609375, 416466.218750, 0, 158
1122889.375000, 27846.800781, 416383.000000, 0, 157
1123005.000000, 27782.074219, 416323.531250, 0, 200
1123056.875000, 27825.337891, 416320.843750, 0, 154
1123265.000000, 27799.619141, 416312.843750, 0, 176
1123446.750000, 27775.562500, 416317.531250, 0, 158
1123627.875000, 27752.361328, 416335.406250, 0, 158
1123808.875000, 27727.328125, 416354.531250, 0, 155
1123989.750000, 27702.361328, 416375.281250, 0, 157
1124170.500000, 27679.318359, 416396.437500, 0, 157
1124351.375000, 27655.882813, 416416.812500, 0, 157
1124429.125000, 27596.636719, 416425.187500, 0, 200
1124532.375000, 27635.248047, 416435.656250, 0, 156
1124713.750000, 27615.445313, 416450.093750, 0, 157
1124895.750000, 27597.281250, 416456.781250, 0, 157
1125077.750000, 27578.900391, 416458.187500, 0, 153
1125259.625000, 27560.796875, 416456.250000, 0, 156
1125441.750000, 27536.994141, 416453.843750, 0, 158
1125623.750000, 27513.482422, 416451.406250, 0, 158
1125805.625000, 27488.437500, 416447.062500, 0, 158
1125986.875000, 27462.322266, 416431.593750, 0, 158
1126164.625000, 27439.630859, 416392.718750, 0, 158
1126365.625000, 27414.757813, 416338.375000, 0, 176
1126541.875000, 27397.750000, 416292.875000, 0, 157
1126718.250000, 27380.947266, 416247.937500, 0, 157
1126894.875000, 27368.277344, 416203.500000, 0, 157
1127071.625000, 27355.960938, 416159.718750, 0, 157
1127248.250000, 27344.308594, 416116.000000, 0, 157
1127425.125000, 27335.269531, 416072.593750, 0, 157
1127602.125000, 27322.087891, 416030.218750, 0, 157
1127779.750000, 27291.048828, 415989.687500, 0, 157
1127957.625000, 27261.017578, 415951.468750, 0, 158
1128135.875000, 27235.595703, 415914.437500, 0, 158
1128314.250000, 27213.287109, 415877.968750, 0, 158
1128492.875000, 27192.658203, 415843.218750, 0, 157
1128672.000000, 27174.646484, 415810.250000, 0, 156
1128851.000000, 27163.150391, 415777.437500, 0, 157
1129030.000000, 27149.160156, 415744.593750, 0, 157
1129209.125000, 27138.390625, 415711.781250, 0, 157
1129388.125000, 27133.339844, 415678.968750, 0, 154
1129567.250000, 27125.171875, 415646.156250, 0, 154
1129567.250000, 27075.171875, 415646.156250, 0, 200
1129720.750000, 27115.152344, 415618.031250, 0, 157
1129925.625000, 27098.986328, 415582.812500, 0, 175
1130106.625000, 27080.130859, 415562.937500, 0, 157
1130288.000000, 27059.515625, 415551.468750, 0, 157
1130469.875000, 27036.904297, 415541.906250, 0, 158
1130651.500000, 27017.177734, 415532.125000, 0, 156
1130833.250000, 26996.173828, 415519.625000, 0, 158
1131014.875000, 26975.244141, 415505.187500, 0, 157
1131222.375000, 26953.037109, 415490.562500, 0, 161
1131404.250000, 26938.464844, 415484.031250, 0, 156
1131586.375000, 26923.078125, 415481.437500, 0, 156
1131768.250000, 26915.390625, 415480.406250, 0, 155
1131950.250000, 26910.787109, 415479.406250, 0, 156
1132131.125000, 26910.406250, 415479.875000, 0, 155
1132169.875000, 26863.656250, 415521.937500, 0, 200
1132153.625000, 26920.404297, 415635.843750, 0, 156
1132164.250000, 26931.441406, 415836.437500, 0, 170
1132135.875000, 26935.775391, 416044.781250, 0, 165
1132113.750000, 26937.072266, 416225.437500, 0, 156
1132172.625000, 26935.914063, 416369.968750, 0, 157
1132256.000000, 26921.808594, 416560.500000, 0, 161
1132328.625000, 26909.054688, 416698.500000, 0, 157
1132413.375000, 26890.349609, 416859.468750, 0, 154
1132498.625000, 26864.105469, 417020.406250, 0, 157
1132587.250000, 26830.871094, 417179.406250, 0, 157
1132686.500000, 26791.125000, 417332.312500, 0, 157
1132758.875000, 26711.496094, 417440.343750, 0, 200
1132803.750000, 26743.773438, 417503.906250, 0, 168
1132917.625000, 26711.236328, 417646.000000, 0, 158
1133035.625000, 26684.839844, 417784.531250, 0, 157
1133154.000000, 26658.462891, 417922.750000, 0, 158
1133272.000000, 26630.136719, 418061.375000, 0, 157
1133382.875000, 26602.884766, 418205.656250, 0, 157
1133483.500000, 26575.373047, 418357.437500, 0, 158
1133580.750000, 26554.056641, 418511.281250, 0, 156
1133676.500000, 26542.707031, 418666.156250, 0, 157
1133767.750000, 26534.253906, 418823.625000, 0, 155
1133830.750000, 26482.068359, 418937.750000, 0, 200
1133807.750000, 26530.953125, 419012.218750, 0, 168
1133744.625000, 26519.744141, 419210.312500, 0, 164
1133686.000000, 26499.539063, 419382.625000, 0, 156
1133625.000000, 26473.886719, 419554.062500, 0, 157
1133563.750000, 26445.916016, 419725.500000, 0, 158
1133502.125000, 26418.501953, 419896.781250, 0, 158
1133440.000000, 26385.482422, 420067.875000, 0, 159
1133377.250000, 26348.046875, 420238.718750, 0, 159
1133313.250000, 26303.787109, 420409.218750, 0, 161
1133249.000000, 26257.644531, 420579.437500, 0, 160
1133183.750000, 26212.007813, 420749.562500, 0, 161
1133118.125000, 26163.839844, 420919.281250, 0, 162
1133052.250000, 26114.853516, 421088.875000, 0, 160
1133014.000000, 26034.824219, 421185.656250, 0, 200
1132959.000000, 26069.125000, 421240.906250, 0, 158
1132831.125000, 26036.654297, 421370.468750, 0, 152
1132703.625000, 25998.996094, 421500.531250, 0, 160
1132549.750000, 25958.078125, 421657.875000, 0, 198
1132412.875000, 25936.275391, 421797.906250, 0, 171
1132285.750000, 25928.097656, 421928.281250, 0, 157
1132158.625000, 25896.960938, 422058.531250, 0, 158
1132031.750000, 25879.806641, 422189.250000, 0, 157
1131906.375000, 25871.039063, 422321.281250, 0, 156
1131783.750000, 25854.537109, 422456.062500, 0, 157
1131665.375000, 25825.087891, 422593.906250, 0, 159
1131549.750000, 25776.080078, 422734.437500, 0, 162
1131434.375000, 25727.054688, 422875.343750, 0, 162
1131319.750000, 25678.058594, 423016.656250, 0, 161
1131207.000000, 25629.054688, 423159.562500, 0, 162
1131095.375000, 25580.050781, 423303.406250, 0, 162
1130984.125000, 25530.968750, 423447.843750, 0, 162
1130921.000000, 25411.031250, 423530.468750, 0, 200
1130889.000000, 25446.041016, 423571.500000, 0, 151
1130775.375000, 25403.693359, 423713.468750, 0, 155
1130658.000000, 25376.435547, 423852.531250, 0, 158
1130538.625000, 25337.140625, 423990.093750, 0, 160
1130418.250000, 25309.048828, 424127.000000, 0, 158
1130294.125000, 25280.625000, 424260.218750, 0, 158
1130166.250000, 25243.271484, 424389.406250, 0, 160
1130037.750000, 25211.388672, 424518.593750, 0, 159
1129909.500000, 25186.025391, 424647.718750, 0, 158
1129782.375000, 25162.667969, 424777.687500, 0, 158
1129657.875000, 25133.968750, 424910.500000, 0, 158
1129535.125000, 25115.148438, 425044.968750, 0, 157
1129412.750000, 25090.322266, 425179.750000, 0, 158
1129291.250000, 25055.169922, 425315.125000, 0, 159
1129195.375000, 24965.496094, 425410.937500, 0, 200
1129207.375000, 25001.250000, 425461.531250, 0, 151
1129252.750000, 24945.468750, 425663.781250, 0, 166
1129281.625000, 24896.476563, 425844.375000, 0, 162
1129307.250000, 24847.482422, 426024.562500, 0, 162
1129334.625000, 24798.462891, 426204.593750, 0, 162
1129366.875000, 24750.439453, 426383.750000, 0, 162
1129407.875000, 24710.142578, 426561.031250, 0, 160
1129483.750000, 24680.308594, 426697.468750, 0, 159
1129573.875000, 24643.878906, 426855.531250, 0, 160
1129672.125000, 24594.177734, 427008.531250, 0, 162
1129795.625000, 24538.162109, 427175.937500, 0, 174
1129903.750000, 24495.802734, 427322.218750, 0, 160
1130014.000000, 24449.525391, 427467.031250, 0, 161
1130142.625000, 24395.130859, 427630.718750, 0, 171
1130259.500000, 24364.787109, 427774.562500, 0, 162
1130373.000000, 24335.044922, 427916.687500, 0, 158
1130487.500000, 24305.326172, 428058.187500, 0, 158
1130604.250000, 24272.869141, 428197.906250, 0, 159
1130725.500000, 24240.595703, 428333.843750, 0, 159
1130849.875000, 24204.566406, 428466.656250, 0, 160
1130977.000000, 24164.794922, 428597.125000, 0, 160
1131104.250000, 24125.093750, 428727.187500, 0, 160
1131213.375000, 24042.414063, 428838.812500, 0, 200
1131231.750000, 24087.937500, 428857.562500, 0, 160
1131359.000000, 24056.587891, 428987.593750, 0, 154
1131484.750000, 24017.798828, 429119.093750, 0, 160
1131608.125000, 23977.671875, 429252.968750, 0, 160
1131725.750000, 23940.656250, 429391.812500, 0, 160
1131829.750000, 23901.191406, 429541.125000, 0, 160
1131924.500000, 23860.683594, 429697.406250, 0, 161
1132015.750000, 23821.320313, 429854.000000, 0, 154
1132106.875000, 23785.355469, 430011.531250, 0, 159
1132198.250000, 23765.634766, 430169.343750, 0, 158
1132289.375000, 23743.460938, 430326.906250, 0, 158
1132302.250000, 23689.751953, 430349.281250, 0, 200
1132257.750000, 23702.968750, 430498.718750, 0, 161
1132203.375000, 23660.962891, 430672.718750, 0, 158
1132148.875000, 23613.960938, 430846.093750, 0, 162
1132094.000000, 23586.515625, 431019.781250, 0, 158
1132042.250000, 23571.328125, 431194.031250, 0, 157
1131997.125000, 23553.792969, 431370.468750, 0, 157
1131954.750000, 23536.275391, 431547.500000, 0, 157
1131954.750000, 23486.275391, 431547.500000, 0, 200
1131837.250000, 23514.755859, 431649.906250, 0, 158
1131699.000000, 23488.830078, 431768.500000, 0, 151
1131560.625000, 23469.406250, 431887.000000, 0, 157
1131421.500000, 23457.953125, 432004.531250, 0, 157
1131282.125000, 23446.699219, 432121.375000, 0, 157
1131142.000000, 23424.402344, 432237.406250, 0, 158
1131000.875000, 23409.289063, 432352.625000, 0, 157
1130859.125000, 23402.103516, 432466.687500, 0, 157
1130717.250000, 23393.849609, 432580.968750, 0, 157
1130575.625000, 23387.941406, 432695.062500, 0, 157
1130433.750000, 23375.427734, 432809.281250, 0, 157
1130292.125000, 23352.140625, 432923.343750, 0, 158
1130150.000000, 23331.031250, 433037.687500, 0, 158
1130004.000000, 23321.976563, 433145.687500, 0, 157
1129827.875000, 23291.041016, 433256.250000, 0, 166
1129675.000000, 23261.937500, 433355.406250, 0, 159
1129527.375000, 23246.847656, 433461.781250, 0, 157
1129403.375000, 23181.300781, 433556.531250, 0, 200
1129377.125000, 23229.556641, 433556.000000, 0, 153
1129169.875000, 23217.023438, 433542.437500, 0, 164
1128989.500000, 23206.835938, 433518.593750, 0, 156
1128809.125000, 23196.263672, 433493.906250, 0, 156
1128629.250000, 23203.421875, 433468.406250, 0, 156
1128438.500000, 23216.492188, 433441.250000, 0, 168
1128252.875000, 23226.699219, 433416.218750, 0, 160
1128072.125000, 23235.646484, 433395.906250, 0, 157
1127874.500000, 23250.025391, 433377.500000, 0, 170
1127673.250000, 23264.771484, 433359.000000, 0, 174
1127489.000000, 23274.308594, 433341.062500, 0, 156
1127308.250000, 23273.919922, 433320.500000, 0, 156
1127282.125000, 23223.720703, 433317.531250, 0, 200
1127195.500000, 23263.503906, 433447.312500, 0, 157
1127080.500000, 23256.238281, 433620.500000, 0, 163
1126981.125000, 23247.562500, 433773.250000, 0, 157
1126886.125000, 23238.347656, 433928.281250, 0, 157
1126792.875000, 23226.652344, 434084.656250, 0, 157
1126700.250000, 23211.345703, 434241.343750, 0, 157
1126609.375000, 23201.689453, 434399.156250, 0, 157
1126521.250000, 23180.958984, 434558.500000, 0, 158
1126435.375000, 23173.796875, 434719.000000, 0, 157
1126350.000000, 23160.513672, 434879.843750, 0, 157
1126265.000000, 23142.812500, 435040.875000, 0, 157
1126180.625000, 23125.576172, 435202.406250, 0, 157
1126097.250000, 23113.333984, 435364.156250, 0, 157
1126015.250000, 23089.613281, 435526.500000, 0, 158
1125935.500000, 23061.994141, 435689.937500, 0, 158
1125857.375000, 23030.333984, 435854.500000, 0, 159
1125780.125000, 23018.417969, 436019.343750, 0, 156
1125724.750000, 22965.365234, 436136.906250, 0, 200
1125759.125000, 23012.425781, 436207.031250, 0, 165
1125847.875000, 23004.691406, 436395.156250, 0, 163
1125925.625000, 22970.439453, 436559.625000, 0, 159
1126008.875000, 22934.794922, 436721.437500, 0, 158
1126096.500000, 22895.908203, 436881.187500, 0, 160
1126184.125000, 22854.550781, 437040.625000, 0, 160
1126271.875000, 22805.548828, 437200.093750, 0, 161
1126322.125000, 22720.664063, 437291.156250, 0, 200
1126376.500000, 22754.121094, 437347.125000, 0, 159
1126503.250000, 22716.773438, 437477.687500, 0, 158
1126630.125000, 22679.076172, 437608.250000, 0, 160
1126756.875000, 22636.494141, 437738.875000, 0, 160
1126882.500000, 22596.445313, 437870.656250, 0, 157
1127006.625000, 22557.765625, 438003.843750, 0, 158
1127129.125000, 22519.082031, 438138.375000, 0, 159
1127250.875000, 22470.054688, 438273.718750, 0, 159
1127372.625000, 22405.667969, 438409.281250, 0, 164
1127372.625000, 22344.240234, 438409.281250, 0, 200
1127477.375000, 22363.732422, 438525.437500, 0, 160
1127602.500000, 22326.923828, 438659.218750, 0, 153
1127732.125000, 22278.916016, 438784.750000, 0, 161
1127868.250000, 22229.888672, 438905.875000, 0, 161
1128005.125000, 22180.898438, 439025.718750, 0, 162
1128143.000000, 22131.888672, 439144.531250, 0, 161
1128281.500000, 22101.761719, 439262.656250, 0, 158
1128420.375000, 22078.904297, 439380.031250, 0, 158
1128560.000000, 22038.486328, 439497.031250, 0, 160
1128560.000000, 21988.486328, 439497.031250, 0, 200
1128704.500000, 22003.849609, 439438.468750, 0, 160
1128895.625000, 21961.203125, 439356.156250, 0, 166
1129062.500000, 21915.886719, 439283.093750, 0, 162
1129229.750000, 21866.892578, 439211.718750, 0, 162
1129399.125000, 21817.896484, 439145.406250, 0, 161
1129572.500000, 21775.349609, 439087.312500, 0, 161
1129747.000000, 21741.882813, 439039.406250, 0, 158
1129923.500000, 21719.984375, 438993.843750, 0, 158
1130099.250000, 21710.380859, 438947.031250, 0, 157
1130273.000000, 21708.695313, 438892.437500, 0, 156
1130444.875000, 21709.539063, 438833.093750, 0, 156
1130542.625000, 21656.275391, 438798.062500, 0, 200
1130420.500000, 21702.015625, 438966.343750, 0, 151
1130312.875000, 21693.677734, 439144.375000, 0, 166
1130212.125000, 21707.044922, 439311.312500, 0, 169
1130107.500000, 21729.222656, 439486.656250, 0, 177
1130004.750000, 21751.039063, 439663.437500, 0, 177
1129910.250000, 21785.093750, 439841.312500, 0, 176
1129819.875000, 21807.056641, 440024.468750, 0, 177
1129740.375000, 21836.337891, 440210.781250, 0, 176
1129680.250000, 21873.111328, 440401.812500, 0, 175
1129626.875000, 21863.009766, 440585.406250, 0, 163
1129575.250000, 21837.972656, 440760.000000, 0, 158
1129523.875000, 21832.027344, 440934.750000, 0, 157
1129472.250000, 21823.060547, 441109.218750, 0, 156
1129421.125000, 21774.054688, 441283.937500, 0, 162
1129413.625000, 21712.527344, 441309.718750, 0, 200
1129449.750000, 21731.435547, 441461.531250, 0, 161
1129492.125000, 21709.035156, 441638.625000, 0, 153
1129538.750000, 21660.683594, 441814.500000, 0, 162
1129597.000000, 21611.679688, 441986.968750, 0, 162
1129669.000000, 21580.849609, 442153.968750, 0, 158
1129752.250000, 21551.761719, 442315.875000, 0, 158
1129841.750000, 21529.007813, 442474.312500, 0, 157
1129934.750000, 21513.902344, 442631.250000, 0, 157
1130028.250000, 21497.748047, 442787.062500, 0, 157
1130122.500000, 21467.791016, 442942.875000, 0, 159
1130217.250000, 21436.253906, 443098.281250, 0, 159
1130314.000000, 21409.957031, 443252.531250, 0, 158
1130412.500000, 21395.595703, 443405.656250, 0, 157
1130513.250000, 21383.443359, 443557.531250, 0, 157
1130542.250000, 21330.005859, 443600.375000, 0, 200
1130537.875000, 21379.423828, 443730.281250, 0, 152
1130530.625000, 21375.632813, 443938.125000, 0, 162
1130528.625000, 21373.406250, 444120.218750, 0, 156
1130534.125000, 21369.037109, 444302.062500, 0, 156
1130540.375000, 21364.449219, 444484.000000, 0, 155
1130545.875000, 21367.861328, 444665.812500, 0, 156
1130546.750000, 21375.250000, 444847.406250, 0, 152
1130546.125000, 21375.275391, 445029.406250, 0, 154
1130545.250000, 21372.800781, 445211.375000, 0, 154
1130544.625000, 21371.916016, 445393.750000, 0, 156
1130544.250000, 21316.578125, 445497.312500, 0, 200
1130674.000000, 21371.412109, 445500.968750, 0, 153
1130856.000000, 21359.013672, 445505.812500, 0, 153
1131037.875000, 21320.175781, 445510.593750, 0, 160
1131219.875000, 21288.826172, 445515.687500, 0, 159
1131402.000000, 21275.240234, 445522.125000, 0, 157
1131583.750000, 21251.740234, 445528.906250, 0, 158
1131765.875000, 21240.472656, 445535.750000, 0, 157
1131817.500000, 21188.867188, 445537.687500, 0, 200
1131908.250000, 21209.601563, 445664.656250, 0, 176
1132015.250000, 21175.894531, 445811.906250, 0, 154
1132127.125000, 21128.427734, 445955.468750, 0, 160
1132244.875000, 21079.781250, 446094.281250, 0, 162
1132366.750000, 21030.798828, 446229.437500, 0, 161
1132490.250000, 20981.796875, 446363.031250, 0, 162
1132615.125000, 20932.787109, 446495.593750, 0, 162
1132740.000000, 20883.775391, 446628.125000, 0, 162
1132864.875000, 20834.761719, 446760.593750, 0, 162
1132987.875000, 20785.767578, 446894.625000, 0, 162
1133109.500000, 20736.757813, 447030.031250, 0, 162
1133229.500000, 20687.744141, 447167.031250, 0, 162
1133342.000000, 20638.695313, 447310.250000, 0, 162
1133448.875000, 20589.664063, 447457.718750, 0, 162
1133448.875000, 20455.779297, 447457.718750, 0, 200
1133434.125000, 20470.734375, 447587.062500, 0, 172
1133410.500000, 20414.763672, 447793.593750, 0, 169
1133388.250000, 20365.771484, 447974.156250, 0, 159
1133363.375000, 20320.937500, 448154.500000, 0, 160
1133331.750000, 20286.109375, 448333.687500, 0, 159
1133289.875000, 20262.189453, 448510.781250, 0, 157
1133237.250000, 20239.085938, 448685.000000, 0, 157
1133180.250000, 20224.560547, 448857.750000, 0, 156
1133122.500000, 20227.867188, 449030.468750, 0, 156
1133064.875000, 20230.123047, 449202.968750, 0, 157
1133003.750000, 20242.941406, 449384.718750, 0, 162
1132945.500000, 20247.367188, 449556.937500, 0, 155
1132887.000000, 20254.160156, 449729.312500, 0, 155
1132827.500000, 20257.453125, 449901.062500, 0, 156
1132767.625000, 20261.962891, 450072.843750, 0, 155
1132707.750000, 20270.990234, 450244.093750, 0, 155
1132647.625000, 20273.656250, 450415.781250, 0, 156
1132578.875000, 20292.964844, 450609.187500, 0, 176
1132561.625000, 20243.283203, 450658.250000, 0, 200
1132442.625000, 20277.382813, 450520.375000, 0, 172
1132325.375000, 20268.679688, 450381.312500, 0, 155
1132209.750000, 20269.457031, 450240.281250, 0, 156
1132094.375000, 20270.232422, 450099.562500, 0, 156
1131979.000000, 20269.490234, 449958.750000, 0, 156
1131865.250000, 20264.226563, 449816.937500, 0, 154
1131786.625000, 20259.197266, 449653.218750, 0, 155
1131732.375000, 20256.082031, 449479.406250, 0, 156
1131716.500000, 20205.388672, 449428.656250, 0, 200
1131560.875000, 20251.970703, 449436.718750, 0, 165
1131352.875000, 20244.353516, 449431.843750, 0, 176
1131171.500000, 20234.238281, 449417.031250, 0, 156
1130990.125000, 20213.925781, 449401.218750, 0, 154
1130808.875000, 20197.789063, 449385.781250, 0, 155
1130627.250000, 20172.316406, 449371.968750, 0, 158
1130445.625000, 20145.015625, 449359.718750, 0, 158
1130264.000000, 20109.603516, 449347.468750, 0, 159
1130082.375000, 20070.054688, 449335.312500, 0, 157
1129926.625000, 19996.515625, 449324.843750, 0, 200
1129906.625000, 20046.097656, 449307.812500, 0, 151
1129768.000000, 20043.623047, 449190.250000, 0, 153
1129628.750000, 20051.896484, 449073.375000, 0, 155
1129488.625000, 20048.060547, 448957.312500, 0, 154
1129344.000000, 20039.353516, 448846.812500, 0, 153
1129194.000000, 20022.148438, 448743.593750, 0, 157
1129043.500000, 20017.412109, 448641.156250, 0, 155
1128895.625000, 20012.203125, 448534.656250, 0, 154
1128753.375000, 20014.759766, 448421.375000, 0, 155
1128612.375000, 20065.005859, 448306.250000, 0, 159
1128468.375000, 20084.644531, 448189.062500, 0, 159
1128342.625000, 20041.199219, 448086.656250, 0, 200
1128293.500000, 20094.068359, 448103.375000, 0, 164
1128101.375000, 20098.642578, 448198.531250, 0, 166
1127948.125000, 20092.675781, 448296.718750, 0, 156
1127787.250000, 20111.308594, 448411.218750, 0, 170
1127622.625000, 20134.900391, 448532.187500, 0, 175
1127459.375000, 20158.859375, 448654.750000, 0, 175
1127319.000000, 20122.193359, 448760.937500, 0, 200
1127331.000000, 20170.125000, 448784.218750, 0, 152
1127427.625000, 20136.074219, 448968.375000, 0, 164
1127513.125000, 20103.769531, 449129.000000, 0, 155
1127599.125000, 20069.833984, 449289.406250, 0, 159
1127687.250000, 20035.505859, 449448.718750, 0, 157
1127779.000000, 20002.287109, 449605.812500, 0, 159
1127875.125000, 19969.085938, 449760.312500, 0, 157
1127973.875000, 19935.839844, 449913.437500, 0, 158
1128073.250000, 19906.777344, 450065.718750, 0, 156
1128173.250000, 19872.896484, 450217.906250, 0, 157
1128274.375000, 19837.529297, 450369.375000, 0, 157
1128318.000000, 19771.343750, 450434.031250, 0, 200
1128360.625000, 19793.962891, 450533.750000, 0, 165
1128406.000000, 19744.960938, 450709.375000, 0, 162
1128414.625000, 19673.525391, 450891.062500, 0, 166
1128407.625000, 19617.601563, 451080.812500, 0, 160
1128457.875000, 19561.330078, 451255.062500, 0, 176
1128391.875000, 19496.109375, 451418.375000, 0, 151
1128265.625000, 19440.105469, 451583.531250, 0, 170
1128154.750000, 19391.052734, 451728.281250, 0, 161
1128044.000000, 19342.072266, 451872.500000, 0, 161
1127933.000000, 19293.066406, 452016.843750, 0, 161
1127822.125000, 19244.083984, 452161.125000, 0, 160
1127711.250000, 19195.076172, 452305.468750, 0, 160
1127599.750000, 19146.062500, 452449.312500, 0, 160
1127485.875000, 19096.998047, 452591.656250, 0, 160
1127369.625000, 19048.005859, 452731.781250, 0, 159
1127252.375000, 18999.000000, 452871.031250, 0, 161
1127133.375000, 18950.007813, 453008.781250, 0, 161
1127013.125000, 18901.021484, 453145.375000, 0, 156
1126892.375000, 18852.021484, 453281.437500, 0, 158
1126771.125000, 18802.984375, 453417.437500, 0, 160
1126651.000000, 18754.011719, 453554.000000, 0, 157
1126531.625000, 18705.001953, 453691.500000, 0, 159
1126412.750000, 18655.933594, 453829.625000, 0, 160
1126294.875000, 18606.935547, 453968.312500, 0, 161
1126177.875000, 18557.957031, 454107.468750, 0, 160
1126061.250000, 18508.955078, 454247.125000, 0, 161
1125944.875000, 18459.941406, 454387.062500, 0, 160
1125828.500000, 18410.955078, 454527.062500, 0, 160
1125712.000000, 18361.884766, 454667.187500, 0, 160
1125595.500000, 18312.949219, 454806.750000, 0, 159
1125478.625000, 18263.884766, 454946.500000, 0, 162
1125361.500000, 18214.882813, 455085.750000, 0, 162
1125244.000000, 18165.789063, 455225.062500, 0, 161
1125126.750000, 18116.925781, 455363.687500, 0, 153
1125009.125000, 18067.908203, 455502.781250, 0, 160
1124892.500000, 18021.933594, 455642.375000, 0, 160
1124778.375000, 18006.750000, 455784.218750, 0, 156
1124668.000000, 17989.189453, 455928.718750, 0, 154
1124558.250000, 17982.642578, 456074.156250, 0, 156
1124445.000000, 17958.599609, 456220.468750, 0, 160
1124337.375000, 17928.330078, 456367.281250, 0, 155
1124219.250000, 17953.777344, 456530.718750, 0, 174
1124115.875000, 17954.796875, 456680.406250, 0, 155
1124015.250000, 17943.449219, 456832.031250, 0, 155
1123917.750000, 17920.759766, 456985.781250, 0, 156
1123825.375000, 17914.074219, 457142.562500, 0, 156
1123739.375000, 17908.843750, 457303.187500, 0, 156
1123658.250000, 17904.763672, 457466.125000, 0, 156
1123594.000000, 17902.255859, 457608.250000, 0, 156
1123519.375000, 17906.427734, 457774.156250, 0, 156
1123487.250000, 17858.208984, 457845.312500, 0, 200
1123386.000000, 17911.798828, 457890.187500, 0, 154
1123199.000000, 17913.990234, 457981.437500, 0, 162
1123036.250000, 17962.416016, 458062.937500, 0, 160
1122866.375000, 18003.732422, 458144.250000, 0, 165
1122684.125000, 18035.351563, 458226.562500, 0, 174
1122512.375000, 18069.527344, 458303.187500, 0, 165
1122325.750000, 18093.345703, 458384.656250, 0, 174
1122136.875000, 18119.722656, 458460.500000, 0, 174
1121952.500000, 18156.263672, 458530.031250, 0, 170
1121781.875000, 18204.853516, 458594.000000, 0, 162
1121589.625000, 18228.310547, 458662.843750, 0, 175
1121589.625000, 18178.310547, 458662.843750, 0, 200
1121443.125000, 18227.101563, 458716.312500, 0, 156
1121264.250000, 18218.841797, 458742.875000, 0, 156
1121090.750000, 18211.238281, 458808.250000, 0, 159
1120920.500000, 18200.701172, 458871.687500, 0, 154
1120742.625000, 18195.185547, 458934.656250, 0, 156
1120555.125000, 18211.568359, 459000.375000, 0, 168
1120376.375000, 18269.466797, 459058.937500, 0, 166
1120348.375000, 18235.771484, 459067.968750, 0, 200
1120278.875000, 18250.296875, 458928.375000, 0, 160
1120189.875000, 18263.859375, 458740.468750, 0, 176
1120109.000000, 18281.523438, 458560.218750, 0, 167
1120032.875000, 18262.126953, 458394.718750, 0, 154
1119936.375000, 18249.861328, 458219.625000, 0, 172
1119867.625000, 18250.419922, 458051.187500, 0, 151
1119841.500000, 18200.630859, 457977.687500, 0, 200
1120016.750000, 18249.636719, 457966.687500, 0, 170
1120150.750000, 18249.033203, 457807.187500, 0, 156
1120259.250000, 18247.402344, 457661.093750, 0, 151
1120368.000000, 18249.125000, 457515.000000, 0, 152
1120478.625000, 18257.853516, 457366.593750, 0, 152
1120595.000000, 18270.904297, 457209.750000, 0, 166
1120703.375000, 18272.349609, 457059.906250, 0, 152
1120806.750000, 18279.427734, 456910.406250, 0, 152
1120907.500000, 18281.371094, 456759.125000, 0, 152
1121008.000000, 18270.978516, 456607.218750, 0, 154
1121109.250000, 18269.562500, 456455.906250, 0, 153
1121216.125000, 18281.812500, 456297.843750, 0, 163
1121332.500000, 18297.613281, 456128.500000, 0, 175
1121444.875000, 18304.580078, 455964.562500, 0, 167
1121546.500000, 18294.974609, 455813.718750, 0, 156
1121589.875000, 18243.191406, 455748.531250, 0, 200
1121552.875000, 18288.843750, 455623.937500, 0, 165
1121488.500000, 18287.812500, 455426.218750, 0, 158
1121424.625000, 18288.458984, 455255.562500, 0, 152
1121354.250000, 18292.554688, 455088.000000, 0, 151
1121281.750000, 18299.271484, 454921.156250, 0, 155
1121209.125000, 18305.878906, 454754.687500, 0, 151
1121136.625000, 18313.621094, 454588.031250, 0, 154
1121084.875000, 18269.681641, 454469.031250, 0, 200
1121013.625000, 18322.810547, 454437.875000, 0, 167
1120819.500000, 18330.007813, 454364.218750, 0, 157
1120620.375000, 18349.941406, 454339.218750, 0, 170
1120415.875000, 18370.722656, 454347.312500, 0, 173
1120211.875000, 18394.853516, 454359.875000, 0, 174
1120008.125000, 18419.435547, 454369.687500, 0, 175
1119804.750000, 18447.066406, 454372.812500, 0, 174
1119601.250000, 18474.947266, 454367.000000, 0, 169
1119400.375000, 18509.248047, 454355.562500, 0, 169
1119199.750000, 18543.800781, 454338.093750, 0, 172
1118999.625000, 18577.498047, 454311.656250, 0, 170
1118801.500000, 18611.355469, 454277.781250, 0, 171
1118600.250000, 18629.300781, 454237.656250, 0, 172
1118399.375000, 18645.791016, 454195.156250, 0, 173
1118221.375000, 18646.906250, 454157.031250, 0, 152
1118043.625000, 18648.541016, 454118.500000, 0, 154
1117840.375000, 18650.484375, 454074.406250, 0, 151
1117840.375000, 18600.484375, 454074.406250, 0, 200
1117813.750000, 18651.902344, 453920.750000, 0, 156
1117793.125000, 18652.248047, 453739.906250, 0, 152
1117772.500000, 18653.000000, 453559.093750, 0, 152
1117752.000000, 18653.000000, 453378.187500, 0, 152
1117731.375000, 18652.919922, 453197.312500, 0, 151
1117710.750000, 18697.744141, 453016.406250, 0, 155
1117690.250000, 18740.042969, 452835.000000, 0, 156
1117665.750000, 18787.623047, 452628.625000, 0, 175
1117656.000000, 18755.511719, 452551.281250, 0, 200
1117570.375000, 18824.726563, 452473.718750, 0, 160
1117397.625000, 18858.867188, 452325.843750, 0, 175
1117243.000000, 18886.855469, 452194.000000, 0, 172
1117094.750000, 18903.263672, 452068.375000, 0, 161
1116944.750000, 18915.285156, 451944.718750, 0, 160
1116803.000000, 18912.880859, 451829.937500, 0, 151
1116659.375000, 18867.365234, 451718.656250, 0, 154
1116509.250000, 18818.289063, 451615.281250, 0, 158
1116350.625000, 18769.359375, 451526.718750, 0, 156
1116186.125000, 18747.902344, 451449.125000, 0, 151
1116018.500000, 18734.298828, 451377.875000, 0, 154
1115826.125000, 18717.783203, 451298.593750, 0, 156
1115657.750000, 18703.224609, 451229.156250, 0, 154
1115463.625000, 18699.058594, 451173.937500, 0, 171
1115291.875000, 18703.089844, 451116.062500, 0, 155
1115118.625000, 18733.271484, 451046.031250, 0, 161
1115070.000000, 18683.730469, 451027.062500, 0, 200
1114945.750000, 18726.998047, 450979.406250, 0, 158
1114756.125000, 18743.628906, 450901.312500, 0, 176
1114574.750000, 18762.958984, 450806.156250, 0, 176
1114397.125000, 18777.250000, 450710.406250, 0, 169
1114237.375000, 18783.126953, 450623.500000, 0, 156
1114077.625000, 18787.591797, 450536.468750, 0, 156
1113917.875000, 18784.943359, 450449.312500, 0, 156
1113756.500000, 18782.242188, 450364.687500, 0, 155
1113591.000000, 18783.421875, 450289.000000, 0, 155
1113422.250000, 18767.029297, 450220.156250, 0, 153
1113301.875000, 18709.751953, 450171.437500, 0, 200
1113236.375000, 18730.003906, 450283.656250, 0, 166
1113130.500000, 18692.601563, 450462.781250, 0, 167
1113036.750000, 18676.318359, 450618.812500, 0, 155
1112940.500000, 18664.953125, 450773.250000, 0, 154
1112843.125000, 18651.871094, 450927.093750, 0, 153
1112747.000000, 18644.644531, 451081.843750, 0, 155
1112656.250000, 18637.734375, 451241.250000, 0, 155
1112555.875000, 18627.572266, 451421.968750, 0, 171
1112454.125000, 18615.408203, 451603.218750, 0, 175
1112365.000000, 18569.814453, 451762.000000, 0, 155
1112281.750000, 18520.781250, 451922.562500, 0, 157
1112231.250000, 18459.144531, 452014.156250, 0, 200
1112184.250000, 18509.876953, 452106.875000, 0, 176
1112155.125000, 18508.017578, 452296.250000, 0, 166
1112101.375000, 18512.380859, 452469.531250, 0, 155
1112095.375000, 18497.513672, 452676.625000, 0, 175
